100

3 1
1 0 0
0 1 0
0 0 1

2 1
2 0 0
0 1 0

1 1
42 47 -23

30 30
-29 41 -78
-2 -40 41
-9 41 80
-8 16 -24
0 15 21
14 -32 -74
12 38 -50
37 42 -60
9 20 71
13 19 25
31 50 55
-15 22 -24
-5 -16 -36
34 48 68
8 -16 -72
2 5 43
-1 9 -37
-12 -27 -28
6 -8 14
12 22 45
41 45 -57
26 41 49
10 39 68
40 49 57
20 29 -62
10 -34 -41
28 -30 31
-7 20 29
-14 -28 -45
11 11 14

27 1
7 15 47
-5 11 -17
-5 14 26
-28 -48 78
-4 28 -36
15 -37 -40
0 -8 16
3 15 83
-18 -32 39
16 -61 -72
-3 -13 27
0 18 57
5 21 49
-44 49 -54
4 24 34
0 -37 38
4 11 -32
37 -63 -65
16 19 -52
13 32 -40
-28 -35 45
12 -27 -45
15 52 72
26 51 -53
4 25 -30
3 9 -37
6 40 58

10 1
6 -33 88
-5 14 73
31 44 59
20 -22 90
0 24 -64
-28 46 -76
-41 -52 -65
-3 3 14
0 -6 -53
-28 35 51

15 1
-16 17 38
0 3 6
26 -27 -33
-13 13 -14
-27 48 -79
2 -12 -15
28 47 -77
17 18 -30
0 -18 -74
-1 -5 34
32 46 68
0 54 -54
0 -12 -12
-16 29 -72
14 29 34

15 1
-12 18 28
20 -26 73
0 20 25
9 -59 -65
-21 34 59
12 -52 66
0 0 -64
-4 5 -8
2 -25 48
-8 -16 -26
25 -34 38
7 -14 -83
32 35 54
-8 -32 -72
-7 9 64

23 1
-3 11 63
-2 -3 57
0 32 -48
-37 -48 60
13 33 34
6 56 77
-6 25 -31
-12 21 -75
24 44 48
48 -48 -52
4 -46 64
-8 9 -57
1 -1 51
5 -19 -29
-9 27 43
-20 -28 64
-10 -14 -46
10 12 30
4 16 -90
37 39 40
4 17 53
-4 -7 21
8 -44 -76

7 1
17 27 -55
12 -15 51
2 -12 22
30 -52 73
-30 -36 -72
13 -15 -70
4 10 -75

27 1
9 -24 -32
-16 23 56
14 -36 -56
5 6 79
-29 40 55
9 -14 -39
16 18 76
-26 29 89
-2 -4 -18
-40 -50 55
23 -50 58
-9 15 -16
-24 -47 61
13 -47 -71
-11 -12 -16
16 -28 -32
6 -22 36
-31 35 45
1 -36 -44
13 -39 51
-33 -33 69
33 33 38
-19 -28 48
6 12 36
-41 -58 65
21 24 -80
2 -18 52

5 1
-3 -12 29
-24 36 -76
-19 58 -61
3 32 -35
4 -22 31

18 1
-17 -22 71
-8 -9 -12
-10 -43 47
-1 -29 -39
-13 50 -80
-8 -31 35
-9 15 66
2 54 -54
-4 8 88
5 -23 -34
12 36 -36
-35 -38 -64
2 -31 -44
6 47 -54
6 -13 -31
9 53 -75
-16 22 -31
16 52 -67

16 1
8 -44 48
-18 -21 -62
-30 48 -54
4 36 57
-19 -31 39
25 -36 58
33 43 -75
-9 16 29
6 44 -56
-11 18 -25
0 36 86
-5 -38 70
13 41 -70
-33 37 -37
-9 -12 27
-44 48 -64

4 1
6 34 65
4 -15 31
8 -22 -42
2 30 76

3 1
2 25 53
7 -11 42
1 -6 21

14 1
18 -33 -62
-18 18 40
-35 -37 57
2 -6 -85
1 6 8
22 41 -50
-28 -36 76
6 -41 -57
2 -4 38
15 -32 -51
4 18 23
15 27 -74
-3 38 87
-16 -16 68

8 1
12 -36 82
-36 -42 -42
-9 10 -94
31 51 -70
16 -18 -70
-1 -27 -79
-16 -44 44
4 -10 -23

8 1
-27 -34 35
39 -43 -52
-3 -7 -13
7 -8 35
0 38 -42
-16 -34 48
14 -16 76
29 -30 54

27 1
2 2 14
-10 16 -17
-1 -1 -14
-13 -16 -86
-24 -34 54
-11 -17 86
26 57 72
-14 28 -46
5 -14 -84
8 -40 58
15 39 -47
6 21 54
7 -22 -55
-6 -56 59
0 0 56
15 -33 -37
-4 16 -64
-4 21 -30
13 -38 48
0 2 -18
-8 -17 71
-8 -13 -20
14 36 55
32 44 -49
-14 60 68
45 45 59
18 -44 82

9 1
42 48 -55
7 31 -75
-15 24 -43
-29 -30 -43
0 33 -73
2 2 -87
19 43 63
-10 18 -56
9 -15 -73

3 1
-16 16 24
-9 44 48
1 -3 -8

18 1
2 25 -70
8 -62 74
-16 56 -56
2 21 56
-37 43 -71
-22 26 -54
-12 -48 79
-9 -16 55
-14 -50 -70
6 -31 -69
11 -34 59
22 -43 -46
8 55 -59
-11 17 23
0 0 -3
7 10 49
-4 24 72
28 45 58

9 1
4 -26 76
6 -12 -88
-20 32 48
-5 17 -81
30 38 -78
-1 -6 -15
16 48 60
35 43 50
-20 28 80

10 1
0 -22 -52
2 -16 58
17 -24 -53
17 -40 47
1 13 -39
16 18 -45
-16 52 57
17 -32 -72
-10 12 40
26 26 -54

7 7
-6 20 24
9 60 61
0 5 -23
4 5 56
9 -20 -75
25 25 29
-13 -38 -73

26 1
-6 -11 -11
-5 13 -81
25 50 69
-10 23 32
9 31 -67
-26 -51 -55
0 -24 67
33 -38 -75
8 -48 51
-28 56 64
12 -24 -92
15 33 72
-9 16 86
42 46 -55
-2 -35 45
-12 -13 32
0 3 45
0 -28 36
-10 -13 49
27 44 75
-13 15 -47
24 51 53
-8 16 -68
4 -10 32
5 -18 43
10 30 -81

5 1
-12 13 -50
42 55 -63
15 29 -40
-5 17 52
-37 42 -57

9 1
-8 25 53
-3 14 21
44 50 -68
8 12 66
-22 35 67
14 23 -60
-11 -28 -45
-3 -33 -43
-2 -3 3

28 1
-19 26 37
-16 -30 81
-6 -15 -22
-24 54 -59
2 -8 -40
2 38 -45
25 -66 67
7 34 91
8 -35 78
0 8 36
7 23 82
-13 18 -69
2 -5 -52
6 16 -45
12 -21 33
-45 47 48
-14 34 34
14 23 -33
-8 -40 -60
16 -39 68
2 -10 66
-19 -31 40
7 39 88
3 5 -9
3 -3 9
-3 33 -43
-3 -16 39
14 15 69

3 1
28 -35 -80
-5 10 62
-8 35 -43

16 1
5 33 49
-2 -4 14
-10 -19 38
-18 -33 -35
5 45 83
30 51 56
0 2 66
3 -10 49
-6 -54 -62
19 -39 -75
0 56 57
-8 48 56
0 38 -78
-12 -22 42
-24 -34 75
0 34 37

12 1
-5 -66 68
7 17 -26
4 -29 79
-26 42 -72
-18 -48 -82
4 -16 -17
5 16 22
0 16 48
-12 -30 82
29 38 45
-44 51 -69
-8 -28 90

7 1
39 55 -59
8 33 -39
7 -39 -49
35 39 65
6 57 -79
-38 50 -53
3 -6 -25

2 1
-5 20 76
-14 23 -74

28 28
-12 58 58
20 -20 90
-15 -21 68
-19 33 57
-49 50 -58
1 1 -95
-8 35 -41
21 34 -50
8 -68 -68
8 54 68
17 37 -54
-18 -30 68
26 32 -88
34 -34 66
-24 -38 70
4 -21 61
-44 45 -63
0 0 76
24 48 76
44 -49 -52
-21 25 36
-7 -11 62
-1 -11 -83
-33 -40 -81
-10 23 -33
21 -27 52
7 11 -16
23 26 -79

11 1
12 36 38
19 24 -54
15 37 -79
5 55 56
4 10 52
9 -42 64
41 -53 61
27 37 43
-4 -10 -88
-33 65 -65
-9 46 48

23 1
-7 -34 58
14 -34 84
-7 -18 55
-2 14 -52
-4 36 -44
21 -35 -44
7 27 -83
33 58 64
16 34 69
13 -27 93
-4 -32 -41
5 -20 21
-26 41 44
-1 -16 -29
9 -9 -26
-1 20 81
1 53 62
33 39 77
3 -37 -57
1 17 -29
-30 40 -45
-26 -46 -74
22 47 -50

3 1
-9 25 53
-5 -20 42
-23 29 -37

10 1
3 4 84
-2 -13 52
-1 56 -79
-4 20 70
0 3 7
19 -49 81
-10 -40 68
-2 21 65
32 38 -70
-36 -38 61

29 1
-17 -35 40
3 3 -57
14 48 48
-9 -35 -42
-32 -52 -64
-11 48 -83
0 -3 -3
-16 -19 -43
-16 62 -74
1 37 70
0 1 19
22 36 -59
3 -24 42
3 -37 -75
-8 36 -72
-5 25 -38
-14 36 69
14 24 32
-2 11 17
24 -47 -51
0 1 63
23 24 -84
7 -12 -15
22 61 -68
-28 -30 -66
9 -10 78
13 22 50
-1 27 84
-6 30 -57

9 9
29 -59 -61
35 39 -53
10 12 22
36 59 -68
10 13 -22
5 25 -32
-12 52 71
40 44 70
23 46 -59

29 1
-11 31 -89
2 -54 -60
45 -52 -66
8 12 -63
-4 25 -35
-26 -36 -45
-17 -28 -35
12 -46 -66
-6 -50 -59
3 32 79
4 -48 -48
32 34 -83
-6 -50 -62
-9 9 -23
-4 26 29
-12 24 78
-8 53 -82
24 27 -49
12 -33 46
-10 49 -81
4 21 -62
-19 -33 -33
-37 -57 -58
-8 29 -67
-8 -23 -34
-27 29 -44
16 40 43
0 -19 -42
-8 36 -80

25 1
29 29 39
6 -45 -62
14 41 68
-2 -4 11
2 -38 73
20 39 45
-11 28 50
-13 17 48
-21 -49 82
6 50 -84
5 -37 43
0 -42 62
-11 -14 45
-31 53 -61
12 -49 -66
-17 22 69
-30 54 -66
-10 16 -40
22 -28 46
-8 -12 -21
-16 -26 -52
0 -7 55
8 -19 -19
4 -6 26
16 16 23

30 1
6 -10 -21
-6 -55 -57
6 26 30
-5 25 46
34 -41 70
26 -35 50
28 -41 59
0 7 -21
16 -16 -23
-1 3 -97
11 34 -75
8 -20 44
-12 24 70
7 17 -92
-11 14 -28
-14 19 -26
-38 -51 59
30 41 -62
-21 -46 66
-2 -39 77
2 12 39
-21 -41 48
8 18 40
10 -42 -51
-13 -20 -46
-31 -45 63
6 -13 25
-13 -18 27
-31 -39 -41
-7 -23 56

20 20
3 -52 82
-4 -6 91
33 -33 75
31 37 71
-35 56 -69
6 -52 -82
-23 37 52
-6 30 -43
-2 22 67
-20 28 -90
-5 -26 -31
-8 26 -76
-34 49 53
0 -38 90
-5 24 62
-18 22 -32
4 24 64
-7 14 59
-1 -42 45
14 28 32

13 1
-2 -32 64
-3 -16 -63
0 20 38
3 20 -23
32 -36 36
9 -16 42
-36 -52 -63
1 -31 50
16 16 -52
2 2 13
-13 -51 57
16 -19 29
-12 -58 68

15 1
28 -56 56
8 27 33
5 40 -87
8 -36 -88
3 4 -10
10 23 34
25 -29 78
-12 -20 -76
0 -9 -37
21 -39 -46
0 32 -64
-15 35 -44
0 13 16
-19 -38 -41
-13 46 72

9 1
21 -33 49
-39 -57 -59
-3 -6 20
7 -34 34
-17 19 57
-2 -5 49
14 27 84
-2 26 82
10 57 69

22 1
-3 -32 63
15 -38 -72
10 -53 -61
17 -43 -67
6 10 38
-8 -9 24
5 -27 50
-21 55 77
-27 -33 -77
-3 30 91
0 -16 -24
0 -10 -70
0 2 4
-8 -46 -66
15 -21 -58
10 -22 -58
2 -8 16
0 -2 -29
-26 36 59
-19 53 77
36 -47 -50
17 -57 -65

7 1
-22 -26 52
-45 -47 55
-21 29 69
-11 -25 -65
6 6 60
-2 -28 64
3 41 -42

23 1
37 52 -69
-15 19 -53
5 38 -86
37 39 57
8 -16 28
-2 -3 -3
2 16 -81
11 32 36
10 52 68
-11 14 51
-1 4 7
24 -32 62
25 28 -69
18 -40 50
16 -21 -38
8 27 -61
26 31 -46
5 10 34
-3 15 68
-25 -27 -55
-23 -42 -63
20 -27 70
-3 -12 25

5 1
10 -11 -51
-19 -41 51
24 -24 -40
20 28 -71
4 10 31

4 1
-1 10 22
21 22 71
2 5 43
-30 44 -44

10 1
3 -38 -80
15 30 -44
6 51 75
12 24 36
15 49 72
-10 26 -35
-21 -45 -58
-18 -33 66
-5 23 -23
11 -16 -68

24 1
-20 -56 -70
18 -62 66
-18 -50 -54
38 -47 -49
4 -26 -32
35 36 -64
1 37 59
-6 -11 55
-2 20 -23
-31 -34 53
-9 -12 -42
-7 67 -71
16 -34 -81
3 -17 -90
0 4 6
-20 -23 -87
-8 26 -53
17 17 23
42 -52 -55
17 -18 60
28 -62 68
5 -16 -61
-38 46 53
44 55 -63

19 1
-14 -24 70
11 -41 -62
-26 33 40
0 -6 -28
-19 -39 51
5 -55 76
0 -18 -31
-9 57 -69
30 -35 49
34 -34 -60
5 35 -50
-7 48 -49
22 -34 46
-28 51 63
-16 -40 78
-6 -11 50
-1 3 95
5 26 27
23 -25 43

24 1
-30 -41 45
-5 -11 52
-8 13 -85
27 37 -77
-21 -29 84
-31 -51 -60
-23 -49 49
-12 17 -54
-1 -30 -62
15 -35 51
1 8 -51
-4 19 -79
-2 12 -42
-7 14 -70
-40 -44 -68
-15 53 -64
8 39 -75
21 48 77
-7 -39 -66
7 23 85
-12 -30 47
-13 43 62
-18 -23 -83
17 21 55

15 1
-17 -19 31
8 26 -37
-5 -57 59
-10 30 39
-33 -47 52
-17 -59 65
-11 16 16
44 53 -61
4 -44 64
1 27 83
18 -32 -35
2 11 22
9 49 -51
0 24 -31
17 51 73

13 1
-13 13 -47
17 -51 81
17 -54 -55
4 53 75
-2 -6 -6
-6 -16 16
1 -14 29
9 -39 64
5 16 86
-15 18 45
-10 -24 -54
-6 -11 -78
13 -16 39

3 1
11 20 29
0 18 -46
5 -5 -32

4 1
-10 47 -52
-24 -56 -64
2 37 -46
-4 12 24

15 1
-18 -20 -30
8 -12 -32
29 63 -69
-33 -39 -46
4 -8 44
18 -37 72
7 -27 67
0 -8 20
-8 26 49
-24 54 -58
0 -17 42
39 -45 59
-9 -34 67
-22 -46 64
27 -38 -41

14 1
-12 13 -30
18 32 -71
21 42 -51
-17 -29 -78
8 24 64
-2 4 38
5 -9 30
-3 25 -35
-2 11 -45
-25 26 -54
-40 41 41
1 -9 -69
-3 -23 77
7 61 -61

27 1
-40 -51 73
26 -60 -72
-37 42 47
-11 -20 22
-9 51 55
-7 -7 -69
-6 45 59
-32 42 -75
11 -30 92
6 35 -36
2 19 -89
12 -22 94
5 -9 61
20 -47 -49
0 0 -97
-6 44 -83
-35 -42 57
34 35 59
-2 -44 -87
11 -35 -56
6 25 72
7 10 46
14 -30 74
22 40 74
-18 56 61
24 26 50
-36 62 66

6 1
3 37 60
9 -37 90
18 -43 75
-35 49 64
-27 50 -54
1 -13 -57

18 1
-20 -22 62
18 38 79
-23 -34 82
-7 19 44
-26 -42 56
-5 36 46
0 26 70
-14 33 -45
17 42 -42
-10 -27 -76
-19 48 -81
-13 -41 64
-6 -61 71
-10 -41 57
-4 -12 27
-1 -25 25
26 -57 60
-7 7 -25

17 1
-10 22 -34
34 35 -66
17 -44 60
-1 8 35
5 -9 -84
0 0 74
-5 51 82
1 -37 79
32 -53 -58
-30 -51 -67
8 34 -52
7 -33 41
-9 9 -42
-16 -35 37
0 42 74
-18 -26 30
-9 -49 -51

21 1
14 -22 -58
1 -27 36
-10 -36 -72
-33 -49 63
-14 17 20
27 39 59
-18 19 60
-9 59 66
-15 -16 51
8 29 -42
34 -40 -45
14 -51 70
15 19 -27
-2 -4 -28
-11 20 -23
7 13 -55
-5 -16 -20
-22 25 -37
19 -29 -32
7 37 -57
12 -52 75

12 1
5 8 11
0 -12 -28
-42 -49 -68
-33 37 76
8 -33 54
1 17 -28
30 39 -60
2 10 -86
13 -27 84
1 20 75
-18 36 47
-7 15 43

9 1
-22 30 34
-43 48 -56
-5 -5 -23
5 -57 -72
25 37 -64
-5 -38 -57
-21 27 63
-12 15 67
20 -26 30

16 1
-51 53 60
18 19 80
-11 30 -66
4 40 64
-4 19 64
-31 -58 69
0 -13 15
6 -14 21
-14 -18 -42
-25 40 -65
-4 6 8
-28 -39 69
14 -31 -38
0 -8 48
7 -14 42
-5 -43 71

24 1
-6 -26 -71
-2 2 -25
1 6 9
32 55 -59
7 19 -35
4 21 81
2 -43 -62
5 -32 67
14 42 -70
9 63 -68
30 30 -52
1 1 9
-4 45 -66
10 26 28
-26 -28 56
27 58 60
-12 23 -77
-19 29 -91
-24 -32 37
22 -30 50
14 28 50
0 -1 -20
-15 24 64
-15 -22 82

3 1
16 44 46
-13 -15 24
-8 37 -51

18 1
-9 24 54
-9 15 -22
4 -54 -77
-24 -38 38
-20 24 63
-20 34 38
-7 28 79
10 -17 44
0 -55 55
9 27 -80
1 9 16
-2 -8 32
35 -36 60
-24 29 39
0 24 38
40 42 -50
24 -40 56
17 -43 -50

8 1
-10 -50 72
-23 60 -72
26 26 -62
-17 19 -27
-23 -61 -67
10 14 89
33 51 -58
19 -44 83

19 19
-33 -44 -56
5 54 74
-4 18 78
-4 27 44
9 -9 -26
-23 29 -47
25 31 82
-10 -35 -49
-12 -18 92
-7 -19 -63
-11 39 47
-1 11 -90
-9 -10 13
-18 27 35
19 55 -69
3 -34 -54
-40 49 -49
9 -43 75
16 -32 -88

16 1
30 31 -34
32 -53 68
-33 -53 62
-11 12 87
-26 -56 72
34 35 -71
-5 -42 48
-46 -49 -49
21 -22 65
16 46 55
13 -17 -28
0 5 10
-14 28 -42
-16 -28 58
0 14 -76
-6 -25 -32

23 1
3 25 -36
-31 31 74
24 -28 40
-14 -18 26
-26 50 50
0 -22 -31
9 -24 43
9 57 -65
21 -66 68
25 30 45
-12 30 53
-27 43 57
-8 -48 -72
2 -7 29
18 18 56
12 -42 -62
-36 48 52
2 8 78
13 -50 -56
11 19 87
-19 26 28
-17 -21 -63
-3 6 55

30 1
-13 -57 78
-21 -36 -86
-11 -41 -71
-8 18 54
0 13 18
6 31 54
-5 18 -59
-9 -37 -39
5 -11 37
-4 7 -14
33 45 65
30 30 -36
7 41 50
13 -43 45
0 7 19
13 44 -73
-37 -47 58
-13 -27 43
39 -60 66
-3 15 58
-13 -41 47
0 -16 80
38 -58 62
-2 13 -75
-4 -8 24
-15 -21 29
2 -6 -12
14 -15 78
27 -30 83
-12 27 84

4 1
-6 10 12
0 -4 16
24 24 72
-2 50 62

13 1
8 8 -54
5 -49 -75
44 -44 -52
-24 -54 -66
27 41 -55
-27 -49 80
-56 -56 -56
11 -28 -67
-9 -33 -67
-20 47 56
9 -11 58
-15 -29 42
-11 33 36

5 1
10 -29 -32
24 -26 -75
-38 -47 -61
-16 24 -30
-3 3 92

22 22
-5 -15 -67
10 -14 -32
-16 16 -16
10 31 -57
10 22 38
-20 26 44
4 31 84
-3 28 31
14 19 31
-30 42 50
-2 -8 14
-19 -39 -69
1 -22 -26
-17 19 -41
0 33 -49
6 29 -51
36 -40 -60
-39 -47 -66
14 -34 -50
4 -24 35
-12 -23 -89
16 33 -69

27 1
-14 -17 23
7 -7 43
26 -27 -50
0 -35 44
-5 18 38
-4 -5 -36
34 59 62
17 25 86
28 31 65
16 -18 46
-29 31 68
1 -11 25
32 -34 47
28 33 70
8 -45 -45
-17 33 -57
-4 -6 18
24 -32 47
-7 -20 -33
12 13 -14
-14 27 -30
14 -35 -90
27 32 67
-24 28 36
38 -61 66
-2 20 -87
33 55 69

5 1
19 47 68
26 42 56
-11 22 -79
-2 -20 23
4 42 56

6 1
-9 17 -39
10 -47 57
45 -53 -54
7 11 94
2 12 42
-10 14 28

10 1
4 38 54
-31 -40 -57
4 12 -79
-6 -25 47
21 34 -76
5 -32 70
0 -6 45
0 1 28
12 -32 -72
14 28 -61

26 1
3 29 -72
-17 33 -43
0 40 84
-26 56 -65
-19 44 -52
-17 24 -56
-3 -6 -38
0 6 -36
-6 -8 22
16 -17 48
-2 -30 -42
22 -62 -62
6 -47 82
-23 -56 -60
-36 37 54
1 -42 -60
15 18 -41
-10 14 43
-10 39 40
13 -13 -35
-24 -28 -30
33 41 -77
2 2 -41
1 -19 -77
-30 -50 66
15 26 42

21 1
-39 40 77
-20 44 68
36 -47 -63
8 -57 -63
0 26 40
3 7 -8
18 42 -62
18 19 -20
12 32 35
-18 24 59
1 -1 -2
6 -44 -60
7 -28 40
29 51 63
17 -32 -89
-27 46 -66
25 -51 -78
21 -30 -31
1 41 46
-4 -61 -72
-43 47 53

10 1
44 45 72
7 -37 -52
-33 40 -63
10 -12 -30
-6 -20 22
-13 39 -54
-13 -47 -63
-7 -56 -56
-17 -27 66
-15 -48 -76

28 28
8 -24 -40
-8 -18 -33
5 7 -17
10 -46 64
-22 -51 -57
21 -36 -37
2 -8 -80
13 51 -68
6 31 69
-8 40 -40
-24 -25 -78
6 8 18
-11 -32 91
-11 28 33
-30 -54 -56
16 23 24
-8 54 -78
-20 -48 48
7 20 34
30 36 -86
-36 -50 -66
39 -57 58
15 -15 -63
-2 40 56
-30 -35 45
-12 48 60
0 36 80
4 -36 36

9 1
-33 -39 -62
-6 -13 18
-8 16 -46
4 -46 -70
-2 -24 -82
-6 8 -90
29 -32 40
-17 21 57
9 13 -35

11 1
-3 10 12
4 -30 -54
-3 34 -39
29 -44 46
7 52 65
-25 52 68
-3 3 44
4 34 -78
25 51 53
12 52 53
25 32 -37

24 1
20 23 71
-2 -4 12
9 57 79
-42 -42 59
-5 -6 72
13 -13 -21
-2 -18 -77
-8 -30 82
-18 -39 57
-32 60 -60
-15 -16 31
-3 -8 8
-3 -19 41
-23 -39 -48
0 3 -61
-25 -48 58
1 -34 -80
-6 -39 -46
-17 -42 -57
36 43 54
6 -26 -32
-22 -28 -36
1 -41 45
12 -12 -55

6 1
4 17 -23
14 -40 54
-9 -25 -69
-11 41 86
21 35 -38
-7 21 50

10 10
12 40 57
21 32 -63
-2 23 -47
-8 45 52
-2 -35 64
-37 -48 51
-4 26 -46
-6 20 -94
0 -22 27
-13 39 -39

25 1
17 22 36
-17 -54 -64
-11 -16 20
-8 -9 -30
12 -13 -95
30 -52 -66
-28 39 -49
25 52 -52
22 -48 51
-3 26 45
-11 22 -82
16 -23 29
-18 -46 -52
-1 -3 45
-12 28 -32
23 33 -34
4 -6 64
-4 12 20
25 -40 -45
-52 53 59
12 44 -76
-4 56 -60
-9 -51 -56
20 -20 20
9 -29 -90

4 1
-17 -24 25
27 -36 47
0 -24 50
-5 44 76

12 1
-28 30 -47
-15 -49 72
0 -12 88
-12 13 32
-17 -23 -47
-12 -21 -77
5 28 -49
17 56 59
8 -43 87
-12 -23 52
2 16 -16
-6 -64 68
