70

4
288 756
295 742
301 745
294 759

4
127 303
151 279
223 351
199 375

4
295 259
215 199
263 135
343 195

4
410 673
329 745
273 682
354 610

4
627 595
557 615
553 601
623 581

4
609 253
604 258
584 238
589 233

4
267 276
197 336
167 301
237 241

4
393 573
381 577
372 550
384 546

4
526 493
556 496
547 586
517 583

4
407 158
412 157
416 177
411 178

4
246 676
186 712
144 642
204 606

4
223 120
183 145
168 121
208 96

4
702 263
712 262
713 272
703 273

4
286 514
322 532
304 568
268 550

4
538 628
544 634
534 644
528 638

4
579 132
576 144
552 138
555 126

4
408 745
398 730
410 722
420 737

4
775 630
793 666
765 680
747 644

4
697 660
689 656
709 616
717 620

8
500 990
499 989
499 988
500 987
501 987
502 988
502 989
501 990

16
500 990
498 989
497 988
496 986
496 985
497 983
498 982
500 981
501 981
503 982
504 983
505 985
505 986
504 988
503 989
501 990

32
500 990
497 989
495 988
492 986
491 985
489 982
488 980
487 977
487 976
488 973
489 971
491 968
492 967
495 965
497 964
500 963
501 963
504 964
506 965
509 967
510 968
512 971
513 973
514 976
514 977
513 980
512 982
510 985
509 986
506 988
504 989
501 990

48
500 990
496 989
493 988
491 987
488 985
484 982
483 981
480 977
478 974
477 972
476 969
475 965
475 964
476 960
477 957
478 955
480 952
483 948
484 947
488 944
491 942
493 941
496 940
500 939
501 939
505 940
508 941
510 942
513 944
517 947
518 948
521 952
523 955
524 957
525 960
526 964
526 965
525 969
524 972
523 974
521 977
518 981
517 982
513 985
510 987
508 988
505 989
501 990

80
500 990
495 989
491 988
488 987
483 985
481 984
476 981
473 979
469 976
464 972
463 971
459 966
456 962
454 959
451 954
450 952
448 947
447 944
446 940
445 935
445 934
446 929
447 925
448 922
450 917
451 915
454 910
456 907
459 903
463 898
464 897
469 893
473 890
476 888
481 885
483 884
488 882
491 881
495 880
500 879
501 879
506 880
510 881
513 882
518 884
520 885
525 888
528 890
532 893
537 897
538 898
542 903
545 907
547 910
550 915
551 917
553 922
554 925
555 929
556 934
556 935
555 940
554 944
553 947
551 952
550 954
547 959
545 962
542 966
538 971
537 972
532 976
528 979
525 981
520 984
518 985
513 987
510 988
506 989
501 990

96
500 990
494 989
489 988
485 987
482 986
477 984
475 983
470 980
467 978
463 975
458 971
452 966
451 965
446 959
442 954
439 950
437 947
434 942
433 940
431 935
430 932
429 928
428 923
427 917
427 916
428 910
429 905
430 901
431 898
433 893
434 891
437 886
439 883
442 879
446 874
451 868
452 867
458 862
463 858
467 855
470 853
475 850
477 849
482 847
485 846
489 845
494 844
500 843
501 843
507 844
512 845
516 846
519 847
524 849
526 850
531 853
534 855
538 858
543 862
549 867
550 868
555 874
559 879
562 883
564 886
567 891
568 893
570 898
571 901
572 905
573 910
574 916
574 917
573 923
572 928
571 932
570 935
568 940
567 942
564 947
562 950
559 954
555 959
550 965
549 966
543 971
538 975
534 978
531 980
526 983
524 984
519 986
516 987
512 988
507 989
501 990

144
500 990
493 989
487 988
482 987
478 986
471 984
468 983
463 981
456 978
454 977
447 973
442 970
439 968
432 963
428 960
423 956
417 951
410 945
409 944
403 937
398 931
394 926
391 922
386 915
384 912
381 907
377 900
376 898
373 891
371 886
370 883
368 876
367 872
366 867
365 861
364 854
364 853
365 846
366 840
367 835
368 831
370 824
371 821
373 816
376 809
377 807
381 800
384 795
386 792
391 785
394 781
398 776
403 770
409 763
410 762
417 756
423 751
428 747
432 744
439 739
442 737
447 734
454 730
456 729
463 726
468 724
471 723
478 721
482 720
487 719
493 718
500 717
501 717
508 718
514 719
519 720
523 721
530 723
533 724
538 726
545 729
547 730
554 734
559 737
562 739
569 744
573 747
578 751
584 756
591 762
592 763
598 770
603 776
607 781
610 785
615 792
617 795
620 800
624 807
625 809
628 816
630 821
631 824
633 831
634 835
635 840
636 846
637 853
637 854
636 861
635 867
634 872
633 876
631 883
630 886
628 891
625 898
624 900
620 907
617 912
615 915
610 922
607 926
603 931
598 937
592 944
591 945
584 951
578 956
573 960
569 963
562 968
559 970
554 973
547 977
545 978
538 981
533 983
530 984
523 986
519 987
514 988
508 989
501 990

176
500 990
492 989
485 988
479 987
474 986
470 985
463 983
460 982
452 979
447 977
440 974
438 973
431 969
426 966
418 961
415 959
408 954
404 951
399 947
393 942
386 936
378 929
377 928
370 920
364 913
359 907
355 902
352 898
347 891
345 888
340 880
337 875
333 868
332 866
329 859
327 854
324 846
323 843
321 836
320 832
319 827
318 821
317 814
316 806
316 805
317 797
318 790
319 784
320 779
321 775
323 768
324 765
327 757
329 752
332 745
333 743
337 736
340 731
345 723
347 720
352 713
355 709
359 704
364 698
370 691
377 683
378 682
386 675
393 669
399 664
404 660
408 657
415 652
418 650
426 645
431 642
438 638
440 637
447 634
452 632
460 629
463 628
470 626
474 625
479 624
485 623
492 622
500 621
501 621
509 622
516 623
522 624
527 625
531 626
538 628
541 629
549 632
554 634
561 637
563 638
570 642
575 645
583 650
586 652
593 657
597 660
602 664
608 669
615 675
623 682
624 683
631 691
637 698
642 704
646 709
649 713
654 720
656 723
661 731
664 736
668 743
669 745
672 752
674 757
677 765
678 768
680 775
681 779
682 784
683 790
684 797
685 805
685 806
684 814
683 821
682 827
681 832
680 836
678 843
677 846
674 854
672 859
669 866
668 868
664 875
661 880
656 888
654 891
649 898
646 902
642 907
637 913
631 920
624 928
623 929
615 936
608 942
602 947
597 951
593 954
586 959
583 961
575 966
570 969
563 973
561 974
554 977
549 979
541 982
538 983
531 985
527 986
522 987
516 988
509 989
501 990

224
500 990
491 989
483 988
476 987
470 986
465 985
456 983
452 982
445 980
442 979
434 976
429 974
422 971
413 967
411 966
402 961
395 957
390 954
382 949
379 947
372 942
368 939
359 932
354 928
348 923
341 917
333 910
324 902
323 901
315 892
308 884
302 877
297 871
293 866
286 857
283 853
278 846
276 843
271 835
268 830
264 823
259 814
258 812
254 803
251 796
249 791
246 783
245 780
243 773
242 769
240 760
239 755
238 749
237 742
236 734
235 725
235 724
236 715
237 707
238 700
239 694
240 689
242 680
243 676
245 669
246 666
249 658
251 653
254 646
258 637
259 635
264 626
268 619
271 614
276 606
278 603
283 596
286 592
293 583
297 578
302 572
308 565
315 557
323 548
324 547
333 539
341 532
348 526
354 521
359 517
368 510
372 507
379 502
382 500
390 495
395 492
402 488
411 483
413 482
422 478
429 475
434 473
442 470
445 469
452 467
456 466
465 464
470 463
476 462
483 461
491 460
500 459
501 459
510 460
518 461
525 462
531 463
536 464
545 466
549 467
556 469
559 470
567 473
572 475
579 478
588 482
590 483
599 488
606 492
611 495
619 500
622 502
629 507
633 510
642 517
647 521
653 526
660 532
668 539
677 547
678 548
686 557
693 565
699 572
704 578
708 583
715 592
718 596
723 603
725 606
730 614
733 619
737 626
742 635
743 637
747 646
750 653
752 658
755 666
756 669
758 676
759 680
761 689
762 694
763 700
764 707
765 715
766 724
766 725
765 734
764 742
763 749
762 755
761 760
759 769
758 773
756 780
755 783
752 791
750 796
747 803
743 812
742 814
737 823
733 830
730 835
725 843
723 846
718 853
715 857
708 866
704 871
699 877
693 884
686 892
678 901
677 902
668 910
660 917
653 923
647 928
642 932
633 939
629 942
622 947
619 949
611 954
606 957
599 961
590 966
588 967
579 971
572 974
567 976
559 979
556 980
549 982
545 983
536 985
531 986
525 987
518 988
510 989
501 990

256
500 990
490 989
481 988
473 987
466 986
460 985
455 984
446 982
442 981
435 979
425 976
422 975
414 972
409 970
402 967
393 963
391 962
382 957
375 953
370 950
362 945
359 943
349 936
342 931
338 928
329 921
324 917
318 912
311 906
303 899
294 891
284 882
283 881
274 871
266 862
259 854
253 847
248 841
244 836
237 827
234 823
229 816
222 806
220 803
215 795
212 790
208 783
203 774
202 772
198 763
195 756
193 751
190 743
189 740
186 730
184 723
183 719
181 710
180 705
179 699
178 692
177 684
176 675
175 665
175 664
176 654
177 645
178 637
179 630
180 624
181 619
183 610
184 606
186 599
189 589
190 586
193 578
195 573
198 566
202 557
203 555
208 546
212 539
215 534
220 526
222 523
229 513
234 506
237 502
244 493
248 488
253 482
259 475
266 467
274 458
283 448
284 447
294 438
303 430
311 423
318 417
324 412
329 408
338 401
342 398
349 393
359 386
362 384
370 379
375 376
382 372
391 367
393 366
402 362
409 359
414 357
422 354
425 353
435 350
442 348
446 347
455 345
460 344
466 343
473 342
481 341
490 340
500 339
501 339
511 340
520 341
528 342
535 343
541 344
546 345
555 347
559 348
566 350
576 353
579 354
587 357
592 359
599 362
608 366
610 367
619 372
626 376
631 379
639 384
642 386
652 393
659 398
663 401
672 408
677 412
683 417
690 423
698 430
707 438
717 447
718 448
727 458
735 467
742 475
748 482
753 488
757 493
764 502
767 506
772 513
779 523
781 526
786 534
789 539
793 546
798 555
799 557
803 566
806 573
808 578
811 586
812 589
815 599
817 606
818 610
820 619
821 624
822 630
823 637
824 645
825 654
826 664
826 665
825 675
824 684
823 692
822 699
821 705
820 710
818 719
817 723
815 730
812 740
811 743
808 751
806 756
803 763
799 772
798 774
793 783
789 790
786 795
781 803
779 806
772 816
767 823
764 827
757 836
753 841
748 847
742 854
735 862
727 871
718 881
717 882
707 891
698 899
690 906
683 912
677 917
672 921
663 928
659 931
652 936
642 943
639 945
631 950
626 953
619 957
610 962
608 963
599 967
592 970
587 972
579 975
576 976
566 979
559 981
555 982
546 984
541 985
535 986
528 987
520 988
511 989
501 990

336
500 990
489 989
479 988
470 987
462 986
455 985
449 984
438 982
433 981
424 979
420 978
409 975
402 973
392 970
389 969
378 965
370 962
365 960
358 957
349 953
338 948
336 947
325 941
316 936
309 932
304 929
296 924
285 917
282 915
272 908
265 903
254 895
250 892
241 885
236 881
225 872
219 867
212 861
204 854
195 846
185 837
174 827
173 826
163 815
154 805
146 796
139 788
133 781
128 775
119 764
115 759
108 750
105 746
97 735
92 728
85 718
83 715
76 704
71 696
68 691
64 684
59 675
53 664
52 662
47 651
43 642
40 635
38 630
35 622
31 611
30 608
27 598
25 591
22 580
21 576
19 567
18 562
16 551
15 545
14 538
13 530
12 521
11 511
10 500
10 499
11 488
12 478
13 469
14 461
15 454
16 448
18 437
19 432
21 423
22 419
25 408
27 401
30 391
31 388
35 377
38 369
40 364
43 357
47 348
52 337
53 335
59 324
64 315
68 308
71 303
76 295
83 284
85 281
92 271
97 264
105 253
108 249
115 240
119 235
128 224
133 218
139 211
146 203
154 194
163 184
173 173
174 172
185 162
195 153
204 145
212 138
219 132
225 127
236 118
241 114
250 107
254 104
265 96
272 91
282 84
285 82
296 75
304 70
309 67
316 63
325 58
336 52
338 51
349 46
358 42
365 39
370 37
378 34
389 30
392 29
402 26
409 24
420 21
424 20
433 18
438 17
449 15
455 14
462 13
470 12
479 11
489 10
500 9
501 9
512 10
522 11
531 12
539 13
546 14
552 15
563 17
568 18
577 20
581 21
592 24
599 26
609 29
612 30
623 34
631 37
636 39
643 42
652 46
663 51
665 52
676 58
685 63
692 67
697 70
705 75
716 82
719 84
729 91
736 96
747 104
751 107
760 114
765 118
776 127
782 132
789 138
797 145
806 153
816 162
827 172
828 173
838 184
847 194
855 203
862 211
868 218
873 224
882 235
886 240
893 249
896 253
904 264
909 271
916 281
918 284
925 295
930 303
933 308
937 315
942 324
948 335
949 337
954 348
958 357
961 364
963 369
966 377
970 388
971 391
974 401
976 408
979 419
980 423
982 432
983 437
985 448
986 454
987 461
988 469
989 478
990 488
991 499
991 500
990 511
989 521
988 530
987 538
986 545
985 551
983 562
982 567
980 576
979 580
976 591
974 598
971 608
970 611
966 622
963 630
961 635
958 642
954 651
949 662
948 664
942 675
937 684
933 691
930 696
925 704
918 715
916 718
909 728
904 735
896 746
893 750
886 759
882 764
873 775
868 781
862 788
855 796
847 805
838 815
828 826
827 827
816 837
806 846
797 854
789 861
782 867
776 872
765 881
760 885
751 892
747 895
736 903
729 908
719 915
716 917
705 924
697 929
692 932
685 936
676 941
665 947
663 948
652 953
643 957
636 960
631 962
623 965
612 969
609 970
599 973
592 975
581 978
577 979
568 981
563 982
552 984
546 985
539 986
531 987
522 988
512 989
501 990

6
1 0
7 0
8 1
5 4
3 4
0 1

4
0 0
70 0
72 2
2 2

148
500 990
489 989
483 988
472 986
461 983
454 981
451 980
440 976
435 974
424 969
422 968
411 962
406 959
395 952
388 947
384 944
375 937
370 933
359 924
353 919
345 912
336 904
326 895
315 885
305 874
297 865
292 859
289 855
284 848
277 837
274 832
270 825
264 814
259 803
257 798
253 787
252 784
251 780
250 775
249 766
248 756
247 745
248 734
249 725
250 717
251 711
252 706
254 697
255 693
258 682
262 673
267 662
271 655
273 652
280 642
283 638
290 629
299 618
304 612
310 605
311 604
319 597
326 591
331 587
340 580
351 572
358 568
367 563
376 559
383 556
388 554
396 551
399 550
410 547
419 546
430 547
436 548
447 550
458 553
465 555
468 556
479 560
484 562
495 567
497 568
508 574
513 577
524 584
531 589
535 592
544 599
549 603
560 612
566 617
574 624
583 632
593 641
604 651
614 662
622 671
627 677
630 681
635 688
642 699
645 704
649 711
655 722
660 733
662 738
666 749
667 752
668 756
669 761
670 770
671 780
672 791
671 802
670 811
669 819
668 825
667 830
665 839
664 843
661 854
657 863
652 874
648 881
646 884
639 894
636 898
629 907
620 918
615 924
609 931
608 932
600 939
593 945
588 949
579 956
568 964
561 968
552 973
543 977
536 980
531 982
523 985
520 986
509 989

90
500 990
483 989
457 982
439 977
415 970
388 960
367 952
347 943
318 928
291 914
265 899
238 883
225 874
205 855
185 832
175 819
166 806
158 791
151 776
148 768
143 747
138 719
134 690
132 665
131 645
133 618
134 608
135 599
137 590
141 573
147 548
154 525
159 509
166 490
169 482
174 471
188 448
198 435
219 419
235 410
255 399
279 388
286 386
298 385
319 384
320 384
337 385
363 392
381 397
405 404
432 414
453 422
473 431
502 446
529 460
555 475
582 491
595 500
615 519
635 542
645 555
654 568
662 583
669 598
672 606
677 627
682 655
686 684
688 709
689 729
687 756
686 766
685 775
683 784
679 801
673 826
666 849
661 865
654 884
651 892
646 903
632 926
622 939
601 955
585 964
565 975
541 986
534 988
522 989
501 990

6
330 110
340 120
700 600
418 506
264 352
0 0

6
306 102
388 184
700 600
421 507
258 344
0 0

6
285 95
430 240
700 600
400 500
300 400
0 0

6
294 98
412 216
700 600
388 496
324 432
0 0

6
315 105
370 160
700 600
430 510
240 320
0 0

6
321 107
358 144
700 600
373 491
354 472
0 0

70
500 990
484 987
461 977
444 969
426 958
403 933
386 911
370 890
367 886
358 872
350 859
341 843
336 824
333 811
332 799
331 786
330 768
332 753
335 737
340 714
345 692
354 667
364 644
365 642
378 617
389 602
403 583
411 576
434 558
457 541
470 533
478 530
497 523
522 515
536 512
554 511
570 514
593 524
610 532
628 543
651 568
668 590
684 611
687 615
696 629
704 642
713 658
718 677
721 690
722 702
723 715
724 733
722 748
719 764
714 787
709 809
700 834
690 857
689 859
676 884
665 899
651 918
643 925
620 943
597 960
584 968
576 971
557 978
532 986
518 989

44
500 990
491 989
466 982
443 970
420 953
414 948
402 935
392 924
387 916
373 891
369 882
365 871
359 854
356 837
365 815
374 795
384 774
395 753
414 728
430 707
447 695
456 693
480 688
489 689
514 696
537 708
560 725
566 730
578 743
588 754
593 762
607 787
611 796
615 807
621 824
624 841
615 863
606 883
596 904
585 925
566 950
550 971
533 983
524 985

40
500 990
487 988
472 984
465 982
446 966
425 947
415 928
409 905
407 896
403 877
401 856
400 838
401 832
407 809
415 786
416 785
432 770
441 763
458 750
462 747
475 738
488 740
503 744
510 746
529 762
550 781
560 800
566 823
568 832
572 851
574 872
575 890
574 896
568 919
560 942
559 943
543 958
534 965
517 978
513 981

42
500 990
484 987
460 976
443 968
424 957
405 944
394 935
375 919
360 902
349 889
331 864
316 842
305 825
303 818
301 807
300 791
304 772
310 747
321 731
335 712
354 696
373 686
389 689
413 700
430 708
449 719
468 732
479 741
498 757
513 774
524 787
542 812
557 834
568 851
570 858
572 869
573 885
569 904
563 929
552 945
538 964
519 980

54
500 990
479 989
465 988
440 972
427 963
408 949
385 931
362 912
337 889
321 874
302 849
286 824
278 809
277 807
272 790
271 786
274 767
284 746
295 727
313 702
324 689
337 674
359 651
375 636
391 623
393 622
415 613
438 605
459 606
473 607
498 623
511 632
530 646
553 664
576 683
601 706
617 721
636 746
652 771
660 786
661 788
666 805
667 809
664 828
654 849
643 868
625 893
614 906
601 921
579 944
563 959
547 972
545 973
523 982

50
500 990
479 989
462 987
439 979
419 972
400 957
378 936
367 923
356 905
342 880
333 861
329 850
326 836
331 815
337 790
341 775
350 755
357 742
370 718
384 705
408 688
433 671
446 664
465 657
485 656
486 656
507 657
524 659
547 667
567 674
586 689
608 710
619 723
630 741
644 766
653 785
657 796
660 810
655 831
649 856
645 871
636 891
629 904
616 928
602 941
578 958
553 975
540 982
521 989
501 990

52
500 990
477 989
458 988
445 983
434 978
421 972
410 964
386 939
370 920
353 895
342 870
337 856
336 841
337 819
338 801
340 784
345 765
350 751
357 732
366 712
367 710
380 686
391 668
400 654
425 635
448 621
457 619
480 620
499 621
512 626
523 631
536 637
547 645
571 670
587 689
604 714
615 739
620 753
621 768
620 790
619 808
617 825
612 844
607 858
600 877
591 897
590 899
577 923
566 941
557 955
532 974
509 988

58
500 990
482 989
459 983
434 974
415 967
392 950
368 931
357 922
336 902
321 885
304 864
286 841
275 817
266 792
265 768
275 745
284 726
294 709
310 688
321 674
338 658
347 650
364 636
378 625
397 612
422 596
437 589
445 586
459 581
473 580
491 581
514 587
539 596
558 603
581 620
605 639
616 648
637 668
652 685
669 706
687 729
698 753
707 778
708 802
698 825
689 844
679 861
663 882
652 896
635 912
626 920
609 934
595 945
576 958
551 974
536 981
528 984
514 989

50
500 990
487 988
462 984
439 979
430 977
411 972
391 965
370 952
362 947
348 936
338 927
321 904
304 880
288 855
283 844
276 825
271 806
269 787
270 772
277 750
284 738
302 719
322 708
347 696
358 691
381 687
394 689
419 693
442 698
451 700
470 705
490 712
511 725
519 730
533 741
543 750
560 773
577 797
593 822
598 833
605 852
610 871
612 890
611 905
604 927
597 939
579 958
559 969
534 981
523 986

54
500 990
481 986
478 985
461 979
443 972
419 961
406 955
386 942
371 931
361 922
339 901
320 880
316 875
313 870
308 853
305 842
307 823
310 810
314 797
319 783
323 774
338 752
354 733
364 722
385 700
404 692
419 688
432 686
451 690
454 691
471 697
489 704
513 715
526 721
546 734
561 745
571 754
593 775
612 796
616 801
619 806
624 823
627 834
625 853
622 866
618 879
613 893
609 902
594 924
578 943
568 954
547 976
528 984
513 988

4
737 230
749 245
721 285
709 270

4
305 490
368 476
328 452
265 466

4
172 569
160 596
124 650
136 623

4
154 268
106 284
6 364
54 348

4
150 280
143 329
188 410
195 361

4
563 391
543 355
561 373
581 409

4
679 489
714 439
704 539
669 589

4
379 470
381 465
371 465
369 470

4
192 752
120 752
93 740
165 740

4
128 630
96 614
72 605
104 621

4
361 406
421 370
442 349
382 385

4
727 235
718 229
714 201
723 207

4
552 651
568 619
638 609
622 641

4
325 598
360 628
270 583
235 553

4
703 730
613 676
634 679
724 733

4
430 307
418 323
398 313
410 297

4
308 355
276 327
306 375
338 403

4
183 278
213 320
213 344
183 302

4
599 121
559 93
587 53
627 81

4
666 383
654 367
654 448
666 464
