64

32
458 486
480 490
413 442
494 494
462 443
486 472
480 440
500 492
524 428
527 446
504 494
507 493
563 458
534 483
566 478
527 500
503 501
512 506
503 502
515 515
544 566
522 544
505 515
500 510
475 575
496 508
470 545
487 513
491 506
442 529
446 518
473 500

48
496 499
425 475
440 470
497 498
412 434
497 497
452 436
486 479
482 464
473 419
471 384
500 480
529 384
522 434
524 452
516 476
554 428
529 471
584 437
575 450
528 486
533 489
596 476
525 500
568 517
578 526
546 523
536 524
612 584
504 504
566 588
504 506
512 524
522 566
503 512
500 502
483 568
471 587
489 522
468 548
488 516
472 528
412 566
494 504
472 514
425 525
388 528
484 500

80
405 481
496 499
428 476
395 458
468 484
435 461
455 470
464 473
370 396
499 499
464 455
443 424
444 416
449 415
490 480
462 405
495 485
482 428
482 410
500 499
529 355
510 460
513 461
542 395
530 440
569 385
554 419
572 404
580 400
516 484
595 424
584 437
566 456
545 473
532 484
550 480
557 481
560 485
640 472
505 500
585 517
588 522
530 510
635 554
508 504
590 554
524 516
548 536
645 616
502 502
552 565
518 524
552 578
566 610
509 518
532 580
523 569
502 508
517 585
500 507
471 645
482 572
494 518
448 630
486 528
473 545
486 521
410 620
384 645
485 515
480 516
484 512
419 554
435 539
480 510
380 548
452 516
468 508
395 521
484 500

96
380 480
495 499
440 485
485 495
440 476
446 473
420 452
488 492
460 470
445 456
410 425
472 472
355 326
496 495
425 400
442 413
479 465
473 446
466 415
481 443
489 456
472 360
498 488
500 495
505 470
512 440
520 420
507 479
550 375
510 480
587 355
510 485
587 384
608 365
600 380
516 484
656 370
590 428
572 446
524 484
525 485
532 484
525 490
575 475
508 498
630 474
620 480
525 500
674 529
645 529
524 506
548 516
530 512
548 524
545 527
527 518
560 545
515 512
626 605
528 528
505 506
552 565
578 604
510 515
533 555
519 538
508 520
526 578
520 580
521 605
506 536
500 509
470 680
477 615
499 504
470 590
482 545
483 534
482 530
484 524
443 576
452 560
380 644
493 507
494 505
485 512
432 551
449 534
370 578
482 509
355 558
434 522
464 509
410 518
320 530
474 500

144
297 471
326 471
405 481
468 492
409 474
482 494
360 444
451 479
474 487
472 484
480 488
410 440
402 430
444 458
440 452
428 440
339 362
471 471
452 444
450 440
476 470
476 468
390 346
470 455
476 460
436 388
489 478
422 318
470 425
497 491
464 374
480 420
492 460
494 464
475 325
500 485
528 304
529 326
517 415
511 456
552 318
512 464
510 475
542 402
521 458
572 374
518 470
518 473
575 395
527 464
620 350
510 488
674 297
504 496
542 464
596 420
560 452
608 419
668 380
584 444
615 431
570 460
530 485
598 458
610 456
590 470
577 478
580 480
590 482
608 482
514 498
508 500
661 523
518 503
600 520
556 514
570 520
506 502
510 504
710 590
512 506
626 572
600 560
557 538
507 505
588 566
530 524
650 625
647 626
513 513
662 689
650 680
560 575
542 556
630 682
536 554
575 625
528 549
504 508
506 514
556 640
526 578
514 549
526 604
520 600
513 578
511 577
500 513
477 661
483 602
499 505
479 584
448 682
488 536
482 545
491 521
497 506
492 514
449 585
444 584
435 591
428 596
444 570
475 530
446 563
495 505
388 596
446 545
360 612
488 509
374 590
488 508
495 503
444 532
466 517
465 515
405 538
464 512
416 524
444 514
405 519
476 504
318 526
484 500

176
324 478
360 480
362 477
400 480
484 496
458 488
473 491
292 422
355 442
339 431
486 493
374 428
365 419
324 390
491 494
493 495
476 482
455 464
488 490
402 416
340 360
494 494
367 348
488 486
475 470
468 460
413 384
485 479
498 497
380 308
491 485
416 353
479 458
467 423
484 460
428 308
477 431
484 444
495 480
494 470
479 374
481 367
487 396
500 494
509 428
511 423
508 452
504 480
530 380
504 486
502 494
587 268
560 350
572 332
501 498
504 493
572 380
635 284
550 425
510 486
524 468
596 380
635 338
530 465
598 388
506 494
588 423
710 320
578 435
595 424
584 437
654 390
512 492
620 425
570 458
535 480
538 481
535 485
510 496
540 485
557 481
640 460
512 497
540 492
620 480
542 494
652 481
503 500
532 504
521 503
644 524
540 508
568 517
521 506
521 507
556 521
600 540
514 506
538 519
556 532
605 563
628 580
578 552
577 555
528 521
525 520
536 530
528 524
508 507
522 522
654 676
518 521
560 572
612 640
515 520
565 591
536 554
535 556
533 555
544 577
516 532
575 675
510 525
557 652
528 584
528 598
508 532
523 615
515 590
516 612
529 732
500 530
478 676
487 591
498 512
492 540
475 600
486 549
499 503
455 620
486 535
464 584
493 514
412 654
428 620
490 516
496 506
470 542
428 596
380 650
465 542
398 619
409 604
484 516
356 626
353 626
458 535
395 584
436 548
444 540
479 514
404 560
425 545
346 588
446 527
402 542
360 556
452 518
443 519
381 534
440 515
415 517
332 528
486 502
468 504
499 500

224
311 479
380 485
465 495
452 492
425 485
392 476
452 488
381 466
431 477
396 461
475 490
332 428
239 384
478 489
230 350
472 484
400 440
276 360
443 462
318 370
428 446
392 416
385 408
392 410
290 320
492 493
320 340
472 472
476 473
290 260
338 311
410 392
472 465
339 293
479 472
455 437
482 473
475 460
425 375
380 290
460 428
484 468
484 464
425 325
466 415
455 380
489 467
458 353
483 432
484 428
497 485
477 362
496 472
499 492
477 293
500 492
528 248
502 484
527 311
502 488
508 460
542 311
513 448
524 416
516 452
524 436
542 395
524 444
620 230
519 462
555 401
556 402
560 400
610 324
514 479
545 437
566 412
647 311
580 400
545 446
662 311
584 404
724 248
526 474
680 340
556 451
633 386
644 380
625 400
743 311
524 482
514 490
563 458
676 390
625 425
668 404
518 490
502 499
626 444
696 416
575 470
716 419
539 487
661 454
556 486
734 448
625 475
512 498
640 480
612 486
662 482
518 500
680 520
692 524
668 524
596 516
565 513
734 552
508 502
612 532
551 517
636 551
575 530
542 518
725 600
540 520
527 515
605 560
525 515
612 570
539 526
654 610
588 566
716 668
605 584
650 625
682 656
668 647
545 540
521 521
508 509
584 596
656 682
600 620
556 570
689 743
536 548
505 507
558 587
610 676
581 635
524 542
595 671
501 502
536 581
566 654
554 635
563 668
518 554
536 626
501 504
542 689
515 575
523 638
521 647
506 548
522 698
500 513
496 536
485 620
487 591
486 584
478 610
484 572
473 608
484 556
494 518
497 508
448 630
455 605
492 518
474 552
350 770
464 563
416 640
475 540
470 545
495 507
443 576
346 698
404 620
475 530
494 507
304 724
324 698
496 504
302 676
372 612
381 602
494 505
485 512
482 514
412 566
318 630
491 506
348 595
425 545
290 620
446 530
450 525
428 532
395 545
355 558
316 569
452 516
353 542
404 524
383 526
460 508
320 530
437 509
324 522
392 512
480 500

256
480 498
365 485
412 489
458 494
464 494
425 485
293 454
424 481
430 480
210 413
443 481
324 434
495 498
318 422
455 480
474 487
293 385
318 396
395 437
292 370
470 480
360 402
423 445
496 497
356 388
430 444
344 370
304 332
460 465
311 332
390 401
490 490
392 380
460 455
346 324
356 332
415 398
416 395
360 320
416 388
425 395
416 380
456 434
385 316
494 490
400 325
355 239
499 498
444 374
470 430
444 360
479 444
499 497
455 350
452 332
485 440
440 230
472 360
482 392
488 416
471 268
491 419
475 250
500 479
522 280
509 419
503 476
522 346
525 350
514 430
538 329
504 484
554 311
542 360
526 422
575 300
540 400
533 423
588 302
502 496
545 419
512 479
539 435
610 324
540 440
696 220
650 290
506 492
535 455
584 395
640 332
650 325
612 372
716 257
554 440
528 472
520 482
518 484
604 409
696 332
638 385
505 496
752 304
536 473
514 490
730 339
542 472
668 395
505 497
535 480
563 465
556 472
518 492
619 449
570 472
684 431
581 473
710 437
535 490
560 485
689 458
565 487
674 471
612 484
580 490
707 477
650 485
521 500
790 529
698 522
644 518
528 504
572 512
595 519
626 528
556 514
528 508
540 512
512 504
524 509
605 542
661 569
662 572
514 507
752 640
647 584
580 548
620 575
527 518
630 591
549 535
544 533
680 640
560 548
584 570
633 614
548 542
698 676
800 770
519 519
689 710
572 581
542 548
596 612
555 566
572 590
577 599
587 616
610 654
507 510
556 584
525 540
518 530
584 647
530 554
514 528
544 599
548 612
538 595
518 548
519 557
545 650
508 528
517 568
542 689
504 520
515 590
519 633
509 572
505 545
518 680
500 528
477 730
493 563
488 596
482 626
493 542
476 620
448 734
477 592
492 528
488 540
484 548
449 636
492 520
440 640
456 599
478 544
415 653
388 696
464 560
420 628
444 584
367 690
375 675
467 544
388 644
472 535
410 608
404 612
479 524
332 689
311 710
491 509
320 662
311 668
404 584
325 650
446 545
480 516
356 612
464 527
472 520
370 591
440 540
348 595
405 557
346 588
293 615
484 508
446 524
318 578
365 554
340 560
461 513
250 575
318 552
428 518
329 538
485 503
470 505
465 505
420 510
392 512
440 506
492 500

336
192 472
370 487
347 483
388 486
409 487
398 483
357 474
495 499
320 460
400 475
423 479
472 492
390 467
419 473
390 460
356 446
350 440
486 494
248 388
236 380
478 489
412 452
257 365
374 428
440 464
452 470
346 402
476 484
480 486
437 455
379 412
432 449
257 311
365 392
379 401
320 350
297 326
420 430
338 356
380 392
335 350
486 486
290 269
365 350
452 446
486 484
320 290
495 494
410 390
480 475
486 482
467 456
444 423
425 395
395 350
492 488
388 324
370 292
497 495
496 493
400 320
434 379
498 496
405 291
400 275
494 486
440 350
464 404
412 258
496 488
434 280
478 423
461 357
476 404
490 455
490 450
480 390
478 368
495 465
495 460
484 356
482 320
475 225
500 481
529 181
517 330
528 248
511 412
530 290
501 494
532 324
512 440
522 401
501 496
557 291
536 374
584 220
505 485
560 335
557 348
540 400
539 409
520 455
545 401
507 486
548 412
540 428
584 353
521 465
625 300
591 357
558 413
640 300
610 346
636 313
542 444
605 365
568 415
671 291
530 464
662 311
675 300
732 239
527 470
510 489
520 480
676 340
650 365
509 492
620 395
598 416
650 375
775 275
535 472
671 367
608 419
577 444
521 485
780 304
545 470
643 409
700 375
560 464
549 472
554 470
665 410
544 478
544 480
671 424
598 458
615 454
540 485
797 392
563 479
610 467
598 472
742 434
604 474
608 476
585 483
555 490
590 485
654 478
676 478
752 472
700 480
687 483
522 500
621 511
690 519
680 520
740 530
577 511
638 523
808 556
630 526
653 534
608 527
511 503
584 524
540 512
536 512
676 564
644 554
540 516
675 575
644 564
687 585
522 511
764 644
563 535
612 564
630 578
564 540
511 507
554 536
590 563
549 535
819 732
580 560
617 591
620 596
786 734
542 535
696 668
532 528
662 644
750 725
742 720
513 513
650 665
617 630
740 770
682 708
548 556
640 668
662 698
568 585
514 518
512 516
548 566
590 626
570 600
552 578
675 775
575 620
515 525
508 514
560 608
644 764
522 544
560 632
520 545
506 514
510 525
512 532
528 577
528 584
590 800
554 689
548 676
528 612
504 518
515 575
510 555
521 626
515 605
512 596
515 635
524 740
501 511
500 516
498 522
489 610
497 527
489 588
496 528
475 650
496 522
477 615
492 536
485 560
428 764
486 549
479 570
487 539
480 555
437 668
446 635
428 668
396 734
380 764
485 530
398 687
405 671
476 542
416 640
485 524
423 621
498 503
353 710
480 528
476 533
410 620
409 617
464 545
356 676
435 578
362 661
402 612
492 509
491 510
350 665
480 520
280 700
310 671
410 580
492 507
367 614
470 525
236 716
370 604
464 528
380 590
335 620
367 595
250 675
410 560
236 668
468 520
420 548
339 592
338 590
192 668
486 507
258 610
455 520
486 506
430 528
372 548
269 584
473 509
360 542
374 536
401 527
384 529
374 528
360 528
335 530
470 505
381 517
260 530
437 507
450 505
390 510
495 500

368
368 489
412 492
370 487
374 486
324 478
318 474
332 472
269 458
405 481
338 464
392 473
456 488
374 464
270 431
425 475
346 444
316 431
360 444
344 435
493 497
347 432
434 470
440 470
302 392
248 360
346 412
380 430
395 437
340 400
170 290
476 484
300 360
472 480
478 484
440 455
230 290
355 384
203 257
464 470
472 476
260 290
419 428
230 257
269 290
416 423
486 486
401 392
320 302
230 200
380 365
423 412
374 353
460 452
311 269
456 445
304 248
410 380
460 445
445 423
465 450
468 452
458 434
495 492
485 475
339 224
436 388
490 482
398 313
476 452
450 390
428 338
434 346
375 200
478 445
437 332
456 379
490 470
464 380
472 402
428 236
496 484
452 284
489 445
448 214
480 380
483 381
477 316
477 293
481 310
481 291
475 200
500 490
513 344
505 445
509 410
517 347
501 492
528 304
503 482
516 412
519 405
560 230
517 432
521 423
528 402
560 300
525 425
528 423
575 300
538 405
630 188
566 346
544 401
585 313
513 474
512 478
635 257
592 339
626 284
503 495
515 476
633 291
522 467
521 470
530 458
652 291
527 464
647 311
544 445
590 390
515 482
662 311
612 372
532 464
707 270
670 313
676 308
504 496
740 280
808 220
510 491
698 324
652 367
633 386
602 415
643 383
535 472
680 360
604 422
731 332
696 360
620 416
503 498
698 374
572 455
515 491
812 318
640 420
707 385
643 422
548 476
742 390
662 428
619 449
764 390
525 490
652 443
742 412
515 495
760 422
507 498
830 410
548 488
662 464
505 499
786 448
548 492
598 486
636 483
752 472
700 480
775 475
536 497
522 500
668 514
709 519
720 522
680 520
700 525
556 508
632 522
599 518
580 516
599 522
576 519
819 587
591 526
530 509
569 523
522 508
572 527
515 506
716 590
535 515
518 508
610 550
542 521
577 542
518 510
542 524
668 598
645 587
532 520
687 619
536 524
540 528
521 515
687 636
616 587
698 654
595 576
621 599
518 515
675 650
556 549
554 548
730 707
819 790
536 533
528 528
797 824
630 643
635 650
692 716
521 524
644 668
575 590
653 687
596 620
633 671
536 548
572 599
555 577
584 620
552 578
591 643
545 572
512 520
640 740
540 570
530 554
512 522
511 522
610 742
588 698
551 619
570 668
502 505
563 668
512 533
503 509
524 580
554 689
533 621
515 560
518 581
524 620
560 830
505 530
503 521
521 668
510 590
511 610
515 665
512 644
500 505
474 812
480 720
489 610
486 626
474 708
486 598
498 512
450 775
479 605
446 743
486 556
410 830
484 556
440 700
473 581
404 764
440 660
480 550
355 848
470 570
404 716
440 632
499 502
356 764
465 563
444 598
472 548
428 620
485 524
367 709
472 542
402 640
475 535
436 588
452 564
409 617
488 515
275 775
435 578
452 556
381 636
452 554
464 540
360 654
379 632
474 526
164 808
346 640
370 617
248 724
276 696
493 506
320 650
313 653
450 540
482 514
480 515
423 556
297 645
380 584
434 544
467 521
260 650
365 581
320 605
402 556
392 560
170 680
444 528
170 650
293 592
318 578
464 515
465 514
396 539
489 504
455 515
300 560
409 526
324 548
408 523
392 524
395 521
192 556
428 512
360 520
436 508
311 521
430 507
236 524
320 515
489 500

464
305 485
332 486
302 482
390 489
482 498
452 494
444 492
370 480
434 489
280 460
485 497
455 490
331 461
444 486
390 470
486 496
440 482
461 488
479 493
280 420
372 452
253 405
490 496
488 495
444 476
329 424
379 445
305 410
462 481
292 388
379 434
491 495
458 476
332 402
450 470
279 364
468 480
379 423
449 466
461 473
480 486
360 400
324 372
444 458
240 300
392 416
405 424
412 428
386 405
357 379
409 422
340 360
356 372
310 329
489 490
464 467
487 488
497 497
320 305
280 260
430 423
383 370
492 491
430 420
392 374
346 318
460 452
401 379
424 405
486 482
410 383
452 436
404 368
485 479
458 440
383 331
496 494
374 302
495 492
436 396
455 425
360 260
472 451
495 491
386 291
416 344
487 474
398 279
400 280
492 482
476 444
405 272
496 490
475 435
482 452
440 335
485 455
484 448
482 440
472 402
458 346
490 460
446 266
462 329
491 455
478 379
481 386
470 305
495 465
481 348
485 365
489 390
485 335
495 440
489 357
500 499
503 461
505 440
511 379
511 390
515 365
507 444
504 472
526 331
513 422
506 467
517 415
502 491
536 344
511 456
551 313
518 437
521 430
524 422
510 470
564 324
554 356
585 279
506 485
535 416
533 423
580 320
550 390
620 240
512 476
521 461
518 467
535 437
516 472
521 464
548 420
524 461
520 468
640 280
516 476
581 383
514 480
555 423
612 346
560 420
650 305
619 347
544 445
518 478
600 380
577 409
572 416
570 420
660 320
626 360
640 346
643 344
632 357
507 493
526 476
728 291
654 360
590 419
599 412
540 465
584 428
578 434
536 470
665 365
525 480
572 444
578 440
576 443
599 428
528 480
580 444
552 464
506 496
599 437
556 465
747 348
540 476
512 493
612 436
590 450
588 452
643 423
518 491
513 494
676 420
644 436
605 455
692 420
535 486
565 475
532 488
687 432
533 489
643 456
570 479
514 496
610 470
560 485
630 470
626 472
525 495
665 470
524 496
669 474
542 494
620 485
671 481
530 497
709 481
560 495
708 484
503 500
526 502
608 509
698 518
690 519
509 501
508 501
521 503
539 506
554 509
654 528
555 511
617 526
643 533
556 514
632 536
528 508
670 551
747 576
515 505
599 536
636 551
578 530
550 520
524 510
556 524
554 524
654 570
669 578
540 520
643 577
544 524
572 540
542 524
680 605
520 512
734 644
644 590
654 598
539 526
539 527
530 521
549 535
720 660
516 512
643 610
581 563
600 580
643 617
518 515
526 522
570 560
524 521
572 564
650 635
621 610
668 654
526 524
503 503
536 539
588 596
640 654
509 510
564 572
612 628
518 521
687 721
595 614
554 566
512 515
528 536
670 721
542 556
556 577
555 577
514 520
617 669
508 512
584 632
505 508
580 630
533 555
591 656
528 549
530 554
554 599
605 695
515 530
584 682
580 676
556 626
515 535
525 560
522 555
595 747
548 628
548 632
502 506
548 656
503 510
534 619
527 599
506 524
542 682
508 536
505 525
506 533
509 554
508 552
506 542
511 588
516 644
515 650
513 643
502 524
504 552
500 509
481 747
492 596
487 643
489 610
499 509
486 612
492 556
474 669
496 524
468 676
488 560
470 635
476 604
499 504
458 654
494 521
470 600
444 682
498 506
452 632
479 556
460 604
490 525
430 668
467 577
452 608
450 610
494 513
499 502
479 539
428 632
495 509
424 633
493 512
473 545
340 760
435 604
437 599
472 542
419 617
458 560
440 584
436 588
440 580
390 643
381 653
472 535
437 577
430 584
467 539
494 507
493 508
396 617
392 620
310 709
313 704
416 591
485 515
461 536
380 610
434 560
420 572
491 508
404 584
395 590
253 709
488 510
335 635
400 580
419 563
240 700
480 515
423 556
493 505
350 605
292 644
458 528
379 577
452 530
318 612
445 533
380 570
374 572
392 560
324 596
357 577
494 503
487 506
346 570
491 504
381 551
416 535
480 508
344 560
372 548
434 524
461 513
318 556
300 560
486 504
445 515
476 506
422 518
464 508
460 508
335 530
458 507
461 506
367 519
404 512
401 511
340 516
423 507
368 511
474 502
491 500

162
396 492
440 494
374 482
420 484
409 474
400 470
388 460
476 491
461 485
308 420
292 404
379 434
347 415
440 458
395 425
492 494
346 379
412 423
402 409
495 495
422 416
432 415
388 346
450 430
491 486
480 468
464 437
405 329
488 478
440 370
480 456
496 491
452 368
467 379
467 357
492 464
495 475
484 404
483 347
483 330
484 324
481 272
515 290
504 448
520 300
511 423
504 474
501 495
580 276
590 266
600 320
503 495
662 248
604 357
506 492
660 292
521 473
584 402
660 320
512 489
596 416
598 416
554 455
626 401
708 340
566 452
619 415
578 446
521 486
676 388
560 465
584 452
621 445
530 488
680 446
555 485
580 480
596 484
581 491
728 481
509 500
682 514
700 520
577 511
545 509
556 516
700 560
738 585
660 560
708 580
644 560
526 512
665 590
599 555
570 549
605 575
536 527
584 566
556 549
570 565
514 514
604 612
556 570
628 676
515 521
554 584
560 596
520 535
555 599
506 511
512 526
560 632
512 527
508 522
548 676
545 695
518 581
514 570
513 578
504 536
520 700
517 687
513 656
489 654
484 708
497 530
489 577
484 604
483 585
415 738
455 617
415 653
491 515
338 752
364 687
443 576
390 643
381 653
416 598
404 608
488 511
436 556
479 518
470 525
304 654
344 620
423 556
402 570
409 563
440 540
379 577
308 612
493 504
467 515
410 536
380 536
478 506
432 517
428 512
437 507
344 513
491 500

114
230 464
465 495
488 497
388 468
467 489
409 465
470 488
296 415
419 464
230 356
495 497
396 436
486 491
497 498
410 437
344 368
401 412
458 461
489 488
402 388
401 379
437 419
491 488
425 305
473 428
452 368
428 230
482 302
492 388
480 200
517 245
516 372
513 435
514 437
560 240
513 461
528 430
602 279
504 494
687 262
570 416
549 444
507 493
770 248
598 423
740 324
640 402
554 464
588 444
578 452
513 493
578 464
633 443
555 485
560 490
619 483
725 470
710 528
528 504
572 518
528 508
521 507
617 545
560 524
584 535
653 568
800 660
530 518
734 644
668 608
560 540
590 563
526 522
680 660
570 565
687 704
640 660
644 676
584 608
524 532
525 565
512 532
504 511
524 590
511 621
515 710
511 665
497 545
487 604
499 505
468 644
476 604
497 509
464 590
488 526
464 554
291 766
485 518
381 636
484 516
320 668
416 566
245 687
320 626
482 512
467 521
266 644
266 626
331 578
409 539
445 515
440 510
367 519
290 528

86
360 480
324 468
484 496
446 482
379 456
415 466
320 416
461 476
478 486
484 489
266 248
402 388
395 320
448 383
496 488
464 332
491 455
466 313
486 395
493 395
512 422
508 468
524 416
504 487
518 446
532 440
653 228
566 404
521 473
800 220
535 470
552 460
724 346
668 392
676 401
591 458
680 420
599 464
514 495
698 446
527 494
626 473
511 498
626 518
632 524
552 513
533 511
720 580
595 538
635 563
513 508
511 507
612 577
721 738
563 572
507 512
580 680
511 533
503 514
504 520
534 687
540 800
509 635
470 695
483 568
494 521
444 682
499 503
492 515
374 724
324 756
409 617
440 556
430 560
409 570
324 621
262 653
324 599
474 512
428 532
489 504
458 515
445 515
446 512
346 533
445 510

80
284 482
276 458
479 494
364 452
335 440
498 499
368 423
381 416
381 402
425 435
364 381
370 330
493 487
440 368
476 436
492 468
479 402
498 487
483 381
554 212
516 436
614 253
554 398
512 480
521 470
596 364
505 493
570 410
513 484
530 464
643 344
756 260
560 450
682 357
644 388
539 488
721 448
766 443
560 488
526 496
560 505
788 554
598 528
670 560
588 532
514 507
704 619
738 668
704 668
590 578
508 507
669 721
521 539
545 599
530 580
510 540
533 654
510 565
520 640
479 612
480 580
482 539
455 585
440 600
472 540
416 619
495 507
472 536
474 532
490 512
401 608
340 650
464 530
388 588
446 542
344 548
313 544
290 545
490 502
396 516

76
430 493
279 461
390 480
445 485
320 425
470 479
416 440
479 472
494 491
446 416
455 395
416 296
380 160
461 292
485 415
499 490
491 401
489 368
515 245
520 240
515 415
540 388
570 346
653 228
542 430
527 461
515 479
612 346
509 488
566 416
670 360
577 456
545 475
650 420
687 432
653 455
566 489
660 480
680 518
789 551
709 538
665 545
548 520
550 535
612 580
530 540
538 557
581 626
524 556
626 806
614 823
512 564
551 789
512 620
501 511
510 620
497 551
483 721
455 755
400 780
470 566
392 692
452 580
347 721
475 535
420 610
491 512
335 710
449 542
451 528
464 520
335 588
467 512
364 540
428 512
476 503

92
405 495
490 499
177 466
395 486
374 465
412 460
435 470
446 470
291 367
346 401
450 465
410 415
276 262
350 335
483 481
313 245
305 230
404 344
435 331
480 435
482 437
488 456
492 440
481 329
501 481
519 177
512 320
503 476
524 368
503 486
519 424
568 245
509 481
670 211
552 440
690 291
687 302
635 395
626 409
704 356
804 308
612 430
596 446
747 367
716 410
568 476
747 513
550 505
728 524
650 520
626 535
610 550
513 506
608 560
643 591
752 662
700 640
860 840
580 585
590 599
738 766
632 680
643 698
628 708
580 708
508 526
540 640
560 720
526 695
504 536
493 633
499 517
496 560
481 652
488 566
470 640
496 516
492 530
437 633
490 517
409 605
490 511
245 770
482 514
374 591
330 620
310 620
452 530
228 653
344 584
344 565
194 608

54
160 449
280 460
194 428
446 476
177 291
402 430
458 467
331 357
430 440
483 415
486 346
492 356
512 284
512 420
560 240
580 196
520 430
580 364
662 248
517 482
716 296
619 388
644 396
610 440
515 493
840 347
640 451
780 542
599 518
721 552
527 512
653 599
640 600
626 599
591 577
626 608
502 510
505 555
519 842
499 518
443 880
491 539
475 595
482 563
460 568
428 612
449 554
194 789
381 612
140 760
335 590
335 577
120 671
200 605

70
452 497
291 481
329 482
279 448
100 360
120 360
357 445
420 455
230 248
313 291
474 468
372 324
422 392
412 356
390 291
452 392
496 468
505 420
514 332
575 185
530 392
512 478
682 206
555 412
551 432
576 432
772 292
728 344
899 253
721 364
747 386
538 484
506 499
721 483
766 486
804 519
533 503
766 528
772 564
860 626
652 556
565 525
804 671
650 640
687 709
760 820
604 643
656 716
621 698
560 614
504 509
520 660
484 756
494 572
425 815
435 734
482 533
266 878
425 620
473 536
253 721
364 604
329 617
479 513
331 604
305 590
196 628
404 516
474 502
424 504

82
296 415
386 446
177 262
492 494
381 398
330 350
196 228
284 302
455 440
470 458
467 445
310 177
451 409
348 139
458 398
388 148
468 364
491 443
485 395
494 446
516 212
502 486
527 374
595 139
632 260
509 485
728 139
506 493
676 313
731 258
542 462
687 347
560 455
604 428
535 480
516 493
566 479
605 470
788 420
650 485
716 488
584 535
538 518
690 640
556 542
570 560
636 620
614 602
728 709
536 548
555 577
554 590
590 653
542 578
636 823
507 517
626 896
532 636
509 557
509 563
518 662
483 806
485 605
461 682
495 519
302 860
458 570
464 557
428 584
292 721
332 676
479 519
423 563
484 512
292 644
416 548
340 570
368 542
423 522
356 540
360 514
230 515

4
706 870
126 348
329 433
392 545

4
500 526
384 440
393 412
431 466

4
416 830
112 781
278 294
295 548

4
139 234
619 634
567 511
482 515

4
284 761
630 145
315 270
415 459

4
508 885
585 369
494 178
532 499

4
601 769
678 163
511 600
598 492

4
612 303
497 381
136 289
418 313

4
143 640
803 498
363 897
418 709

4
720 680
431 319
447 153
638 524

8
4 7
8 7
8 10
6 10
6 9
7 9
7 8
5 8

16
4 7
12 7
12 14
6 14
6 9
10 9
10 12
8 12
8 11
9 11
9 10
7 10
7 13
11 13
11 8
5 8

24
4 7
16 7
16 18
6 18
6 9
14 9
14 16
8 16
8 11
12 11
12 14
10 14
10 13
11 13
11 12
9 12
9 15
13 15
13 10
7 10
7 17
15 17
15 8
5 8

32
4 7
20 7
20 22
6 22
6 9
18 9
18 20
8 20
8 11
16 11
16 18
10 18
10 13
14 13
14 16
12 16
12 15
13 15
13 14
11 14
11 17
15 17
15 12
9 12
9 19
17 19
17 10
7 10
7 21
19 21
19 8
5 8

40
4 7
24 7
24 26
6 26
6 9
22 9
22 24
8 24
8 11
20 11
20 22
10 22
10 13
18 13
18 20
12 20
12 15
16 15
16 18
14 18
14 17
15 17
15 16
13 16
13 19
17 19
17 14
11 14
11 21
19 21
19 12
9 12
9 23
21 23
21 10
7 10
7 25
23 25
23 8
5 8

48
4 7
28 7
28 30
6 30
6 9
26 9
26 28
8 28
8 11
24 11
24 26
10 26
10 13
22 13
22 24
12 24
12 15
20 15
20 22
14 22
14 17
18 17
18 20
16 20
16 19
17 19
17 18
15 18
15 21
19 21
19 16
13 16
13 23
21 23
21 14
11 14
11 25
23 25
23 12
9 12
9 27
25 27
25 10
7 10
7 29
27 29
27 8
5 8

56
4 7
32 7
32 34
6 34
6 9
30 9
30 32
8 32
8 11
28 11
28 30
10 30
10 13
26 13
26 28
12 28
12 15
24 15
24 26
14 26
14 17
22 17
22 24
16 24
16 19
20 19
20 22
18 22
18 21
19 21
19 20
17 20
17 23
21 23
21 18
15 18
15 25
23 25
23 16
13 16
13 27
25 27
25 14
11 14
11 29
27 29
27 12
9 12
9 31
29 31
29 10
7 10
7 33
31 33
31 8
5 8

64
4 7
36 7
36 38
6 38
6 9
34 9
34 36
8 36
8 11
32 11
32 34
10 34
10 13
30 13
30 32
12 32
12 15
28 15
28 30
14 30
14 17
26 17
26 28
16 28
16 19
24 19
24 26
18 26
18 21
22 21
22 24
20 24
20 23
21 23
21 22
19 22
19 25
23 25
23 20
17 20
17 27
25 27
25 18
15 18
15 29
27 29
27 16
13 16
13 31
29 31
29 14
11 14
11 33
31 33
31 12
9 12
9 35
33 35
33 10
7 10
7 37
35 37
35 8
5 8

72
4 7
40 7
40 42
6 42
6 9
38 9
38 40
8 40
8 11
36 11
36 38
10 38
10 13
34 13
34 36
12 36
12 15
32 15
32 34
14 34
14 17
30 17
30 32
16 32
16 19
28 19
28 30
18 30
18 21
26 21
26 28
20 28
20 23
24 23
24 26
22 26
22 25
23 25
23 24
21 24
21 27
25 27
25 22
19 22
19 29
27 29
27 20
17 20
17 31
29 31
29 18
15 18
15 33
31 33
31 16
13 16
13 35
33 35
33 14
11 14
11 37
35 37
35 12
9 12
9 39
37 39
37 10
7 10
7 41
39 41
39 8
5 8

80
4 7
44 7
44 46
6 46
6 9
42 9
42 44
8 44
8 11
40 11
40 42
10 42
10 13
38 13
38 40
12 40
12 15
36 15
36 38
14 38
14 17
34 17
34 36
16 36
16 19
32 19
32 34
18 34
18 21
30 21
30 32
20 32
20 23
28 23
28 30
22 30
22 25
26 25
26 28
24 28
24 27
25 27
25 26
23 26
23 29
27 29
27 24
21 24
21 31
29 31
29 22
19 22
19 33
31 33
31 20
17 20
17 35
33 35
33 18
15 18
15 37
35 37
35 16
13 16
13 39
37 39
37 14
11 14
11 41
39 41
39 12
9 12
9 43
41 43
41 10
7 10
7 45
43 45
43 8
5 8

44
11 511
20 500
10 510
18 500
9 509
17 500
8 508
16 500
7 507
13 500
6 506
12 500
5 505
8 500
4 504
7 500
3 503
5 500
2 502
4 500
1 501
0 500
1 499
1 500
2 498
2 500
3 497
3 500
4 496
6 500
5 495
9 500
6 494
10 500
7 493
11 500
8 492
14 500
9 491
15 500
10 490
19 500
11 489
21 500

198
44 544
96 500
43 543
95 500
42 542
93 500
41 541
91 500
40 540
90 500
39 539
89 500
38 538
86 500
37 537
85 500
36 536
84 500
35 535
83 500
34 534
82 500
33 533
80 500
32 532
75 500
31 531
72 500
30 530
64 500
29 529
63 500
28 528
58 500
27 527
54 500
26 526
50 500
25 525
49 500
24 524
47 500
23 523
46 500
22 522
45 500
21 521
44 500
20 520
43 500
19 519
42 500
18 518
41 500
17 517
40 500
16 516
37 500
15 515
35 500
14 514
33 500
13 513
32 500
12 512
30 500
11 511
27 500
10 510
21 500
9 509
20 500
8 508
19 500
7 507
18 500
6 506
17 500
5 505
12 500
4 504
11 500
3 503
10 500
2 502
4 500
1 501
0 500
1 499
1 500
2 498
2 500
3 497
3 500
4 496
5 500
5 495
6 500
6 494
7 500
7 493
8 500
8 492
9 500
9 491
13 500
10 490
14 500
11 489
15 500
12 488
16 500
13 487
22 500
14 486
23 500
15 485
24 500
16 484
25 500
17 483
26 500
18 482
28 500
19 481
29 500
20 480
31 500
21 479
34 500
22 478
36 500
23 477
38 500
24 476
39 500
25 475
48 500
26 474
51 500
27 473
52 500
28 472
53 500
29 471
55 500
30 470
56 500
31 469
57 500
32 468
59 500
33 467
60 500
34 466
61 500
35 465
62 500
36 464
65 500
37 463
66 500
38 462
67 500
39 461
68 500
40 460
69 500
41 459
70 500
42 458
71 500
43 457
73 500
44 456
74 500
45 455
76 500
46 454
77 500
47 453
78 500
48 452
79 500
49 451
81 500
50 450
87 500
51 449
88 500
52 448
92 500
53 447
94 500
54 446
97 500
55 445
98 500

204
100 55
304 107
98 54
292 103
96 53
286 101
94 52
283 100
92 51
274 97
90 50
268 95
88 49
262 93
86 48
256 91
84 47
253 90
82 46
250 89
80 45
247 88
78 44
241 86
76 43
229 82
74 42
220 79
72 41
214 77
70 40
202 73
68 39
193 70
66 38
187 68
64 37
175 64
62 36
166 61
60 35
157 58
58 34
154 57
56 33
145 54
54 32
142 53
52 31
139 52
50 30
136 51
48 29
133 50
46 28
127 48
44 27
121 46
42 26
115 44
40 25
112 43
38 24
109 42
36 23
103 40
34 22
97 38
32 21
91 36
30 20
85 34
28 19
82 33
26 18
76 31
24 17
61 26
22 16
52 23
20 15
34 17
18 14
28 15
16 13
25 14
14 12
22 13
12 11
16 11
10 10
13 10
8 9
7 8
6 8
4 7
8 8
10 9
12 9
19 12
16 10
31 16
20 11
37 18
24 12
40 19
28 13
43 20
32 14
46 21
36 15
49 22
40 16
55 24
44 17
58 25
48 18
64 27
52 19
67 28
56 20
70 29
60 21
73 30
64 22
79 32
68 23
88 35
72 24
94 37
76 25
100 39
80 26
106 41
84 27
118 45
88 28
124 47
92 29
130 49
96 30
148 55
100 31
151 56
104 32
160 59
108 33
163 60
112 34
169 62
116 35
172 63
120 36
178 65
124 37
181 66
128 38
184 67
132 39
190 69
136 40
196 71
140 41
199 72
144 42
205 74
148 43
208 75
152 44
211 76
156 45
217 78
160 46
223 80
164 47
226 81
168 48
232 83
172 49
235 84
176 50
238 85
180 51
244 87
184 52
259 92
188 53
265 94
192 54
271 96
196 55
277 98
200 56
280 99
204 57
289 102
208 58
295 104
212 59
298 105
216 60
301 106
220 61
307 108

204
53 105
301 106
52 103
292 103
51 101
286 101
50 99
277 98
49 97
274 97
48 95
268 95
47 93
262 93
46 91
259 92
45 89
250 89
44 87
244 87
43 85
241 86
42 83
238 85
41 81
232 83
40 79
226 81
39 77
217 78
38 75
205 74
37 73
196 71
36 71
178 65
35 69
172 63
34 67
160 59
33 65
154 57
32 63
151 56
31 61
142 53
30 59
133 50
29 57
130 49
28 55
127 48
27 53
124 47
26 51
118 45
25 49
112 43
24 47
97 38
23 45
94 37
22 43
85 34
21 41
82 33
20 39
79 32
19 37
70 29
18 35
67 28
17 33
64 27
16 31
61 26
15 29
58 25
14 27
49 22
13 25
40 19
12 23
34 17
11 21
31 16
10 19
28 15
9 17
19 12
8 15
16 11
7 13
13 10
6 11
7 8
5 9
4 7
8 8
10 9
12 9
22 13
16 10
25 14
20 11
37 18
24 12
43 20
28 13
46 21
32 14
52 23
36 15
55 24
40 16
73 30
44 17
76 31
48 18
88 35
52 19
91 36
56 20
100 39
60 21
103 40
64 22
106 41
68 23
109 42
72 24
115 44
76 25
121 46
80 26
136 51
84 27
139 52
88 28
145 54
92 29
148 55
96 30
157 58
100 31
163 60
104 32
166 61
108 33
169 62
112 34
175 64
116 35
181 66
120 36
184 67
124 37
187 68
128 38
190 69
132 39
193 70
136 40
199 72
140 41
202 73
144 42
208 75
148 43
211 76
152 44
214 77
156 45
220 79
160 46
223 80
164 47
229 82
168 48
235 84
172 49
247 88
176 50
253 90
180 51
256 91
184 52
265 94
188 53
271 96
192 54
280 99
196 55
283 100
200 56
289 102
204 57
295 104
208 58
298 105
212 59
304 107
216 60
307 108

204
557 557
600 500
556 556
597 500
555 555
596 500
554 554
595 500
553 553
594 500
552 552
593 500
551 551
591 500
550 550
589 500
549 549
586 500
548 548
583 500
547 547
581 500
546 546
580 500
545 545
579 500
544 544
576 500
543 543
575 500
542 542
574 500
541 541
571 500
540 540
570 500
539 539
569 500
538 538
568 500
537 537
566 500
536 536
565 500
535 535
561 500
534 534
560 500
533 533
556 500
532 532
555 500
531 531
550 500
530 530
548 500
529 529
546 500
528 528
545 500
527 527
544 500
526 526
542 500
525 525
540 500
524 524
539 500
523 523
536 500
522 522
535 500
521 521
534 500
520 520
532 500
519 519
531 500
518 518
530 500
517 517
528 500
516 516
526 500
515 515
524 500
514 514
523 500
513 513
521 500
512 512
517 500
511 511
515 500
510 510
514 500
509 509
513 500
508 508
512 500
507 507
510 500
506 506
509 500
505 505
508 500
504 504
507 500
503 503
504 500
502 502
502 500
501 501
500 500
500 499
501 500
500 498
503 500
500 497
505 500
500 496
506 500
500 495
511 500
500 494
516 500
500 493
518 500
500 492
519 500
500 491
520 500
500 490
522 500
500 489
525 500
500 488
527 500
500 487
529 500
500 486
533 500
500 485
537 500
500 484
538 500
500 483
541 500
500 482
543 500
500 481
547 500
500 480
549 500
500 479
551 500
500 478
552 500
500 477
553 500
500 476
554 500
500 475
557 500
500 474
558 500
500 473
559 500
500 472
562 500
500 471
563 500
500 470
564 500
500 469
567 500
500 468
572 500
500 467
573 500
500 466
577 500
500 465
578 500
500 464
582 500
500 463
584 500
500 462
585 500
500 461
587 500
500 460
588 500
500 459
590 500
500 458
592 500
500 457
598 500
500 456
599 500
500 455
601 500

10
105 829
104 788
103 131
102 561
101 942
101 941
102 560
103 130
104 787
105 828

200
200 799
199 725
198 443
197 192
196 490
195 253
194 193
193 741
192 933
191 640
190 778
189 942
188 273
187 887
186 832
185 987
184 679
183 486
182 689
181 903
180 729
179 244
178 127
177 474
176 888
175 157
174 204
173 848
172 548
171 260
170 241
169 441
168 795
167 269
166 480
165 578
164 837
163 308
162 488
161 737
160 142
159 459
158 312
157 755
156 802
155 215
154 914
153 776
152 899
151 788
150 878
149 197
148 489
147 811
146 565
145 448
144 620
143 238
142 799
141 276
140 865
139 760
138 575
137 311
136 275
135 554
134 919
133 245
132 908
131 443
130 208
129 615
128 849
127 848
126 221
125 712
124 979
123 945
122 713
121 623
120 253
119 892
118 777
117 500
116 302
115 712
114 386
113 472
112 966
111 641
110 226
109 758
108 370
107 848
106 265
105 751
104 540
103 608
102 423
101 423
101 422
102 422
103 607
104 539
105 750
106 264
107 847
108 369
109 757
110 225
111 640
112 965
113 471
114 385
115 711
116 301
117 499
118 776
119 891
120 252
121 622
122 712
123 944
124 978
125 711
126 220
127 847
128 848
129 614
130 207
131 442
132 907
133 244
134 918
135 553
136 274
137 310
138 574
139 759
140 864
141 275
142 798
143 237
144 619
145 447
146 564
147 810
148 488
149 196
150 877
151 787
152 898
153 775
154 913
155 214
156 801
157 754
158 311
159 458
160 141
161 736
162 487
163 307
164 836
165 577
166 479
167 268
168 794
169 440
170 240
171 259
172 547
173 847
174 203
175 156
176 887
177 473
178 126
179 243
180 728
181 902
182 688
183 485
184 678
185 986
186 831
187 886
188 272
189 941
190 777
191 639
192 932
193 740
194 192
195 252
196 489
197 191
198 442
199 724
200 798

200
627 309
376 225
869 389
405 234
781 359
866 387
687 327
433 242
764 352
825 372
493 261
401 230
819 369
580 289
809 365
534 273
565 283
857 380
312 198
451 244
725 335
708 329
652 310
488 255
792 356
631 302
821 365
720 331
481 251
263 178
258 176
382 217
566 278
414 227
343 203
326 197
771 345
565 276
275 179
777 346
256 172
596 285
258 172
544 267
287 181
681 312
430 228
227 160
390 214
565 272
452 234
534 261
760 336
782 343
327 191
604 283
464 236
756 333
556 266
704 315
453 231
421 220
626 288
303 180
427 221
248 161
690 308
226 153
635 289
198 143
745 325
383 204
204 144
685 304
620 282
354 193
286 170
743 322
294 172
643 288
362 194
630 283
451 223
560 259
405 207
199 138
194 136
714 309
616 276
290 167
345 185
709 306
164 124
693 300
172 126
185 130
429 211
682 295
113 105
297 166
294 165
110 104
679 294
426 210
182 129
169 125
690 299
161 123
706 305
342 184
287 166
613 275
711 308
191 135
196 137
402 206
557 258
448 222
627 282
359 193
640 287
291 171
740 321
283 169
351 192
617 281
682 303
201 143
380 203
742 324
195 142
632 288
223 152
687 307
245 160
424 220
300 179
623 287
418 219
450 230
701 314
553 265
753 332
461 235
601 282
324 190
779 342
757 335
531 260
449 233
562 271
387 213
224 159
427 227
678 311
284 180
541 266
255 171
593 284
253 171
774 345
272 178
562 275
768 344
323 196
340 202
411 226
563 277
379 216
255 175
260 177
478 250
717 330
818 364
628 301
789 355
485 254
649 309
705 328
722 334
448 243
309 197
854 379
562 282
531 272
806 364
577 288
816 368
398 229
490 260
822 371
761 351
430 241
684 326
863 386
778 358
402 233
866 388
373 224
624 308

200
458 386
445 380
645 445
203 296
487 389
675 450
551 407
298 321
756 472
338 331
310 320
780 475
413 351
523 386
474 368
329 318
490 370
534 383
560 390
655 420
738 446
320 305
781 457
768 451
647 409
358 311
183 251
677 414
745 435
630 395
293 281
334 293
468 336
743 426
664 398
402 309
254 258
202 239
261 257
695 400
514 338
462 319
563 351
334 273
690 390
272 249
709 393
642 369
749 403
586 347
174 208
323 256
394 278
459 298
275 235
331 252
582 334
629 348
520 310
285 230
443 281
481 292
561 317
242 209
562 314
591 322
209 193
217 194
600 320
596 317
376 242
456 267
362 234
379 238
324 218
596 307
262 194
375 230
710 340
292 199
564 288
665 320
331 207
486 257
431 237
565 280
336 202
374 213
235 165
348 201
155 135
154 133
345 195
524 253
658 296
669 298
302 174
328 181
390 200
299 168
296 167
387 199
325 180
299 173
666 297
655 295
521 252
342 194
151 132
152 134
345 200
232 164
371 212
333 201
562 279
428 236
483 256
328 206
662 319
561 287
289 198
707 339
372 229
259 193
593 306
321 217
376 237
359 233
453 266
373 241
593 316
597 319
214 193
206 192
588 321
559 313
239 208
558 316
478 291
440 280
282 229
517 309
626 347
579 333
328 251
272 234
456 297
391 277
320 255
171 207
583 346
746 402
639 368
706 392
269 248
687 389
331 272
560 350
459 318
511 337
692 399
258 256
199 238
251 257
399 308
661 397
740 425
465 335
331 292
290 280
627 394
742 434
674 413
180 250
355 310
644 408
765 450
778 456
317 304
735 445
652 419
557 389
531 382
487 369
326 317
471 367
520 385
410 350
777 474
307 319
335 330
753 471
295 320
548 406
672 449
484 388
200 295
642 444
442 379
455 385

200
735 200
818 199
300 198
902 197
731 196
584 195
803 194
289 193
221 192
667 191
734 190
521 189
133 188
829 187
392 186
208 185
958 184
505 183
621 182
330 181
763 180
877 179
141 178
822 177
806 176
719 175
170 174
276 173
432 172
876 171
931 170
792 169
411 168
820 167
971 166
203 165
676 164
748 163
156 162
709 161
202 160
521 159
482 158
450 157
928 156
362 155
857 154
423 153
990 152
453 151
886 150
680 149
244 148
496 147
499 146
382 145
747 144
890 143
754 142
459 141
202 140
611 139
937 138
652 137
710 136
944 135
148 134
646 133
228 132
779 131
704 130
263 129
615 128
665 127
426 126
786 125
679 124
780 123
680 122
566 121
318 120
474 119
664 118
604 117
856 116
813 115
126 114
213 113
149 112
916 111
573 110
521 109
204 108
900 107
831 106
168 105
690 104
953 103
120 102
377 101
376 101
119 102
952 103
689 104
167 105
830 106
899 107
203 108
520 109
572 110
915 111
148 112
212 113
125 114
812 115
855 116
603 117
663 118
473 119
317 120
565 121
679 122
779 123
678 124
785 125
425 126
664 127
614 128
262 129
703 130
778 131
227 132
645 133
147 134
943 135
709 136
651 137
936 138
610 139
201 140
458 141
753 142
889 143
746 144
381 145
498 146
495 147
243 148
679 149
885 150
452 151
989 152
422 153
856 154
361 155
927 156
449 157
481 158
520 159
201 160
708 161
155 162
747 163
675 164
202 165
970 166
819 167
410 168
791 169
930 170
875 171
431 172
275 173
169 174
718 175
805 176
821 177
140 178
876 179
762 180
329 181
620 182
504 183
957 184
207 185
391 186
828 187
132 188
520 189
733 190
666 191
220 192
288 193
802 194
583 195
730 196
901 197
299 198
817 199
734 200

5
152 177
379 399
380 641
155 878
850 741

5
319 862
514 597
744 344
855 271
146 114

5
170 819
386 592
689 376
897 301
208 120

5
821 890
644 682
409 684
120 896
479 174

5
121 811
286 755
394 398
330 118
818 677

5
829 857
614 735
366 696
123 745
540 157

5
488 844
632 517
807 211
878 162
117 232

5
895 139
525 277
228 579
148 898
129 166

5
890 137
860 419
847 748
859 897
187 511

5
854 852
776 589
723 314
709 108
174 635

6
100 0
700 0
800 1
500 4
300 4
0 1

5
0 100
200 301
400 503
600 706
800 910

40
0 0
1 1
2 3
3 6
4 10
5 15
6 21
7 28
8 36
9 45
10 55
11 66
12 78
13 91
14 105
15 120
16 136
17 153
18 171
19 190
20 210
21 231
22 253
23 276
24 300
25 325
26 351
27 378
28 406
29 435
30 465
31 496
32 528
33 561
34 595
35 630
36 666
37 703
38 741
39 780

8
0 0
903 4
902 297
304 301
605 300
605 908
899 908
9 918
