30

66 -96 77 46 155.0000000000 1.0000000000 11215.0000000000

39 -68 -2 -97 -1.2500000000 1.0000000000 -127.0000000000

-40 86 -21 73 -0.5384615385 1.0000000000 102.8461538462

9 3 -10 1 -0.2352941176 1.0000000000 1.1176470588

634 35 432 543 2.6684491979 1.0000000000 1700.4491978610

117 74 -30 355 1.8260869565 1.0000000000 291.5217391304

-952 860 621 628 0.1520618557 1.0000000000 722.1494845361

-347 -614 133 667 -2.7356076759 1.0000000000 328.5202558635

-809 -483 -866 409 22.3658536585 1.0000000000 -18875.7317073171

42 -71 -69 -34 0.2000000000 1.0000000000 -56.2000000000

0 2 -5 2 -0.7500000000 1.0000000000 3.7500000000

-1 0 9 -9 0.6666666667 1.0000000000 -2.0000000000

-2 4 8 -1 0.6666666667 1.0000000000 2.6666666667

-61 -54 -30 2 -2.5294117647 1.0000000000 70.4117647059

-947 -365 -701 -276 -0.4529914530 1.0000000000 42.3589743590

-2 1 -6 9 2.0000000000 1.0000000000 -5.0000000000

-79 -84 -81 -55 -0.8000000000 1.0000000000 -15.2000000000

-83 -31 23 -97 0.8000000000 1.0000000000 -72.8000000000

4 -74 37 -7 -23.0000000000 1.0000000000 -425.0000000000

-5 8 8 -5 0.9166666667 1.0000000000 1.4166666667

-737 397 -247 532 -0.3340425532 1.0000000000 618.1765957447

6 8 -6 -1 -0.8181818182 1.0000000000 1.0909090909

-1 -2 8 -3 0.3333333333 1.0000000000 -2.3333333333

638 715 382 265 -1.8902953586 1.0000000000 -485.1054852321

448 745 144 449 -0.9964912281 1.0000000000 297.5052631579

-19 69 49 -53 3.5000000000 1.0000000000 76.0000000000

-4 1 0 -3 1.2500000000 1.0000000000 -3.0000000000

4 4 5 0 1.0000000000 1.0000000000 6.0000000000

92 14 17 -72 -1.7884615385 1.0000000000 -127.4423076923

-299 717 166 312 0.9107551487 1.0000000000 470.0778032037
