60

-43338 -46714 -56390 88126 10.3451476793 1.0000000000 -495098.0455696202

-44 9 89 -91 0.8347107438 1.0000000000 -29.0495867769

-74 -2 7 -55 1.1060606061 1.0000000000 -68.5757575758

-74744 15683 17001 57470 -0.4556663941 1.0000000000 49737.7722976288

-931 8877 587 -3556 8.3788694482 1.0000000000 1196.1978465680

867 934 -477 902 -0.0206106870 1.0000000000 928.4396946565

-7190 -2079 -7348 -5012 -19.8187919463 1.0000000000 140512.3892617450

511 -416 -368 167 0.6834285714 1.0000000000 -66.8182857143

806881 -868426 333503 -438464 0.9083841583 1.0000000000 -135500.6161480658

2 4 -3 -8 -2.7500000000 1.0000000000 -1.5000000000

-95 42 -22 44 -0.1521739130 1.0000000000 47.2391304348

-7 5 -5 8 -4.0000000000 1.0000000000 32.0000000000

-845275 600651 612129 -275921 0.6014832055 1.0000000000 92259.1101480460

-95465 68613 -25674 -73253 2.0338579743 1.0000000000 -125496.6759267223

-619 -180 -661 -631 -22.6315789474 1.0000000000 14104.1578947368

-904 -912 -727 357 -7.9812500000 1.0000000000 6221.2562500000

8 5 8 -2 -9.0000000000 1.0000000000 -66.0000000000

156378 -22772 -876656 597311 0.6002516904 1.0000000000 71091.3543172171

0 -10 -2 -2 9.0000000000 1.0000000000 -11.0000000000

8 1 9 8 0.1000000000 1.0000000000 2.0000000000

532170 294609 624646 174283 1.3014396504 1.0000000000 987222.5646761056

-373 384 619 -815 1.2538860104 1.0000000000 -58.8911917098

-74452 94397 37496 -98071 1.7193245779 1.0000000000 -33593.0829268293

82097 -26812 -60532 -86315 -0.4171037868 1.0000000000 -61058.1301332398

-92568 43341 -2575 -26028 0.7710945141 1.0000000000 -28025.8816573308

-36 -28 69 -52 0.5294117647 1.0000000000 -27.5294117647

629671 116459 -192906 564636 0.5448632535 1.0000000000 459540.3270293140

-314 -218 36 -651 1.3000000000 1.0000000000 -637.2000000000

-2 -1 0 -3 1.0000000000 1.0000000000 -2.0000000000

-204658 117833 -804279 -370236 -0.8139656671 1.0000000000 284424.6089386407

30941 85340 42810 66280 1.6114160263 1.0000000000 135231.1602634468

5748 155 -2377 591 0.0537409097 1.0000000000 467.4190804881

-8 48 35 77 -3.2000000000 1.0000000000 5.4000000000

-900886 -915467 324965 -311498 -0.4927000422 1.0000000000 -471590.8349051948

-748 -986 -381 -235 -2.1536231884 1.0000000000 597.5275362319

-40 -66 -27 36 5.2857142857 1.0000000000 -202.8571428571

-3 -9 -2 5 13.0000000000 1.0000000000 -36.0000000000

323424 -4194 -799340 -928999 -0.8237124191 1.0000000000 -270579.3623289349

-55 -3 -25 52 -18.7500000000 1.0000000000 837.7500000000

7172 -9866 -7069 7346 1.2112992762 1.0000000000 -1199.9841894456

7418 1933 -5365 8379 0.5059173916 1.0000000000 5669.8005329571

-566 238 969 883 -0.4392523364 1.0000000000 482.2710280374

-6 -5 -3 5 -3.3333333333 1.0000000000 15.0000000000

-617 4275 -6202 -8885 -2.3673616104 1.0000000000 5778.0704529116

-484054 507105 71741 -821428 2.3903792868 1.0000000000 -649985.6552772678

-6687 2873 4137 -8682 1.0708194290 1.0000000000 -4271.2947719689

946523 137615 251278 935932 1.1483039755 1.0000000000 1224493.4542989640

4 6 -6 8 0.1250000000 1.0000000000 7.3750000000

-65 62 -34 96 -3.5000000000 1.0000000000 268.0000000000

-666 5129 2475 8005 -0.9088291747 1.0000000000 5743.0095969290

-333 -774 -53 -747 -0.1777777778 1.0000000000 -726.2222222222

-8 0 -9 0 2.0000000000 1.0000000000 -17.0000000000

-5333 -1956 -5190 -477 -12.1848739496 1.0000000000 62869.3445378151

-53436 -47835 -77244 5712 2.2496639220 1.0000000000 -168049.0413375903

-91 -91 -46 31 -7.8888888889 1.0000000000 498.6666666667

-97739 -51631 86374 -62268 0.0578930787 1.0000000000 -57271.7747938598

-2745 6697 8038 -5088 1.0947300056 1.0000000000 3698.4397847467

29194 59938 -35583 -88523 -2.2929013728 1.0000000000 -6979.3768742569

631 -68 -919 -411 -0.2161100196 1.0000000000 -211.2043222004

-8 30 68 -21 0.5312500000 1.0000000000 14.3437500000
