15

30
((())((()(((()(((((())))))))))(((())))))

22
((((((((((((((((((((())))))))))))))))))))())

25
(((()((())))((()())()))())

60
(((())(()(()(((())())()))))((()((()())))(()(((()))))))

120
((()(((()())(()()))((()())(()()))))((((()())(()()))((()())(()())))(((()())(()()))((()())(()())))))

170
((((((()())(()()))((()())(()())))(((()())(()()))((()())(()()))))())(((((()())(()())))(((()())(()()))((()())(()()))))()))

240
((((((()())(()()))((()())(()()))))((((()())(()()))((()())(()())))))(((((((((((((((((((())))))))))))))))))(((()())(()()))((()())(()()))))((((()())(()()))())(((()())(()()))()))))

36
(((((((((())))))))(()((((((())))))((()())((((())))))))))

680
(((((((()())(((()))))((((())))(()())))(((()())(()()))((()())(()()))))((((()())(((()))))((((())))))(((()())(()()))((()())(()())))))(((((()())(()()))((((())))))(((((())))(()()))((()())(()()))))((((()())(()()))((((())))))(((((()))))))))((((((()())(()()))((()())(()())))(((((()))))))((((((()))))((()())(((())))))(((()())(()()))((((())))))))(((((((()))))((()())(()())))(((()())(()()))((()())(()()))))((((((())))(()()))((()())(()())))(((((())))))))))

160
(((((((())(()())))(((((()))))((())(()()))))((((((())))(()())))(((((())))))))(((((((()))))))))(()(((((())(()))((((())))))(()()))((((((()))))())()))))

1200
((((((()((()())(()())))(()((()())(()))))((((()())(()()))((()())(()())))(((()())(()()))((()())(()())))))(()((((()())(()())))(((()())(()()))((()())(()()))))))((((()((()())))(((()()))()))((((()())(()()))((()())))(((()())(()()))((())(())))))(((((())(()()))())())((((()())(()()))(()(()())))(((()())(()()))((())(()())))))))(((((((()())(()()))((()())(()())))(((()()))(()(()()))))((()((()())(()())))()))(((((()())(()()))((()())(()())))(()((()))))(((())((()())(()()))))))(()(((((()())(()()))((())))(((())(()()))((()())(()()))))((((()()))((()())(()())))(((()()))))))))

1600
((((((((()())(()()))((())(()())))(((()())(()()))((()())())))((()((()())(()())))(((()())(()()))(()(()())))))(((((()())(()()))((()())))(((()())(()()))()))((((()())(()()))((()())(()())))())))(()(((((()())(()()))((()())(()())))(((()())(()()))((()()))))((((()())(()()))((()())(()())))(((()())(()()))((()())))))))(((((()((()())(()())))(((()())(()()))(()(()()))))((((()())(()()))((()())()))(((())(()()))((()())(()())))))(((()((()())(()())))(((()())(()()))()))((((()())(()()))((()())(()())))(((()())(()()))((()())(()()))))))((((()((()())))(((()())(()()))((()()))))((((()()))((()())(()())))(((()())(()()))((()())(()())))))(((((()())(()()))((()())(()())))(((()())(()()))((()())(()()))))(()(((()())(()()))((()())(()()))))))))

2000
((((((((()())(()()))((()())(()())))(((()())(()()))((()())(()()))))((((()())(()()))((()())(()())))(((()())(()()))((()())(()())))))(((((()())(()()))((()())(())))(((()())(()()))((()())(()()))))((((()())(()()))((()())(()())))(((())(()()))((()())(()()))))))((((((()())())())(()((()())(()()))))((((()())(()()))((()())(()())))(((()())(()()))((()())(()())))))((((()(()()))((()())(()())))(((()())(()()))((()())(()()))))(((()(()()))((()())(()())))(((()())(()()))((())(()())))))))(((((((()())(()()))((())(()())))(((()())(()()))((()())(()()))))((((()())(()()))((())(()())))(((()())(()()))((()())(()())))))((((()(()()))((()())))(()((()())(()()))))((((()())(()()))((()())(()())))(((()())(()()))((()())(()()))))))((((((()())(()()))((()())(()())))(((()())(()()))((()())(()())))))(((((()())(()()))((()())(()())))(((()())(()))((()())(()()))))(()(((()())(()()))((()())(()))))))))

2400
((((((((()())(()()))((()())(()())))(((()())(()()))((()())(()()))))((((()())(()()))((()())(()())))(((()())(()()))((()())(()())))))(((((()())(()()))((()())(()())))(((()())(()()))((()())(()()))))((((()())(()()))((()())(()())))(((()())(()()))((()())(()()))))))((((((()())(()()))((()())(()())))(((()())(()()))((()())(()()))))((((()())(()()))((()())(()())))(((()())(()()))((()())(()())))))(((((()())(()()))((()())(()())))(((()())(()()))((()())(()()))))((((()())(()()))((()())(()())))(((()())(()()))((()())(()())))))))(((((((()())(()()))((()())(()())))(((()())(()()))((()())(()()))))((((()())(()()))((()())(()())))(((()())(()()))((()())(()())))))(((((()())(()()))((()())(()())))(((()())(()()))((()())(()()))))((((()())(()()))((()())(()())))(((()())(()()))((()())(()()))))))((((((()())(()()))((()())(()())))(((()())(()()))((()())(()()))))((((()())(()()))((()())(()())))(((()())(()()))((()())(()())))))(((((()())(()()))((()())(()())))(((()())(()()))((()())(()()))))((((()())(()()))((()())(()())))(((()())(()()))((()())(()()))))))))

5300
(((((((((()())(()()))((()())(()())))(((()())(()()))((()())(()()))))((((()())(()()))((()())(()())))(((()())(()()))((()())(()())))))(((((()())(()()))((()())(()())))(((()())(()()))((()())(()()))))((((()())(()()))((()())(()())))(((()())(()()))((()())(()()))))))((((((()())(()()))((()())(()())))(((()())(()()))((()())(()()))))((((()())(()()))((()())(()())))(((()())(()()))((()())(()())))))(((((()())(()()))((()())(()())))(((()())(()()))((()())(()()))))((((()())(()()))((()())(()())))(((()())(()()))((()())(()())))))))(((((((()())(()()))((()())(()())))(((()())(()()))((()())(()()))))((((()())(()()))((()())(()())))(((()())(()()))((()())(()())))))(((((()())(()()))((()())(()())))(((()())(()()))((()())(()()))))((((()())(()()))((()())(()())))(((()())(()()))((()())(()()))))))((((((()())(()()))((()())(()())))(((()())(()()))((()())(()()))))((((()())(()()))((()())(()())))(((()())(()()))((()())(()())))))(((((()())(()()))((()())(()())))(((()())(()()))((()())(()()))))((((()())(()()))((()())(()())))(((()())(()()))((()())(()()))))))))((((((((()())(()()))((()())(()())))(((()())(()()))((()())(()()))))((((()())(()()))((()())(()())))(((()())(()()))((()())(()())))))(((((()())(()()))((()())(()())))(((()())(()()))((()())(()()))))((((()())(()()))((()())(()())))(((()())(()()))((()())(()()))))))((((((()())(()()))((()())(()())))(((()())(()()))((()())(()()))))((((()())(()()))((()())(()())))(((()())(()()))((()())(()())))))(((((()())(()()))((()())(()())))(((()())(()()))((()())(()()))))((((()())(()()))((()())(()())))(((()())(()()))((()())(()())))))))(((((((()())(()()))((()())(()())))(((()())(()()))((()())(()()))))((((()())(()()))((()())(()())))(((()())(()()))((()())(()())))))(((((()())(()()))((()())(()())))(((()())(()()))((()())(()()))))((((()())(()()))((()())(()())))(((()())(()()))((()())(()()))))))((((((()())(()()))((()())(()())))(((()())(()()))((()())(()()))))((((()())(()()))((()())(()())))(((()())(()()))((()())(()())))))(((((()())(()()))((()())(()())))(((()())(()()))((()())(()()))))((((()())(()()))((()())(()())))(((()())(()()))((()())(()())))))))))
