104

201 259 287934494310 276673

90 27 405604383780 188791

256 58 565908072426 262513

166 256 206885618281 747451

246 143 448436365625 163673

272 163 305572139328 332803

233 140 901833854913 86413

57 154 354062318449 678203

193 28 399122584181 316087

14 42 880830431631 320317

64 231 65294617379 124139

268 87 82964822042 274739

108 291 161306291739 312353

56 214 931053543382 777143

158 161 951680093436 139547

167 138 750313101567 473887

41 193 54817027018 675739

299 42 783744945524 238237

202 98 591761458307 974437

204 32 112028513392 37021

180 37 405011396331 98101

170 154 710562482321 445747

189 16 904405217101 72727

54 230 710094218884 489871

172 117 749949949892 96179

170 295 223418841379 258113

147 249 891928176721 762547

100 133 526157969974 943837

267 90 171003713913 576013

7 234 828450286286 855397

45 96 541299594621 16553

50 103 422048069927 37379

242 110 516106283326 701497

125 120 332500023627 6221

11 247 249185737930 313517

241 220 19768063715 3547

128 14 235680898174 415201

278 99 787679185252 632087

174 276 387281565061 570217

58 70 702044928470 918041

76 247 803420393417 708943

94 254 647347293414 403261

42 129 30353630995 914321

237 192 569754490251 25121

42 110 29784212853 731909

141 159 69782542050 721687

237 153 47206789752 239171

221 7 102174059411 490921

23 266 558426114114 102407

118 16 753482924894 299699

94 221 523410310675 857

248 70 109528708587 503

4 195 9716668714 757

279 241 406975388797 857

250 18 867541301705 5

297 25 817315118196 883

42 252 185620846003 823

68 43 108037822236 83

24 119 492639995417 797

217 12 295464030120 479

171 300 855346450730 181

53 227 515926538425 227

22 124 321459889277 67

258 76 504927195047 397

238 107 288955984468 347

244 206 760474641970 953

177 158 638097571781 709

42 96 441316747930 607

207 180 982015912287 691

264 257 998664609946 811

298 278 746098051468 977

180 26 744308699800 233

43 91 304409526438 503

67 289 170986805128 17

185 223 185972779801 443

296 102 280161904043 109

195 93 208000657363 127

14 288 844945668133 71

111 136 147657218066 547

118 55 727503736068 797

181 22 973941612486 683

293 95 734153376154 379

228 115 799794675765 229

111 75 997398816994 79

66 46 122631251866 491

172 137 79165569922 617

288 272 815315854691 631

207 61 4061337836 947

292 55 379917308723 151

83 89 131707598329 881

20 256 942889746424 599

263 142 15701632856 659

163 170 526568182621 257

292 197 179613433934 911

220 154 840164431474 79

242 174 685962660767 181

144 204 523765301847 617

199 32 652491478064 13

290 15 583401190008 761

291 182 460071031462 191

271 282 460071031462 3

291 292 432564864782 5

278 299 463556349278 7

298 297 409528739498 11
