100

453 35 780 3907

908 210 498 577867

774 895 250 179903

397 419 166 11287

138 626 94 434849

756 980 11 506281

920 662 77 481577

673 715 130 415651

179 563 209 325999

705 955 999 991069

219 678 392 195157

795 843 166 363217

900 722 282 685393

243 23 875 384841

812 481 117 834023

116 169 475 281291

60 961 934 380197

888 112 318 397759

576 901 87 808991

563 660 981 670321

972 16 508 32027

508 800 463 178069

962 782 173 77621

461 959 940 30367

529 14 106 218419

260 816 554 907199

687 155 797 317771

943 429 538 23977

346 448 12 130201

930 848 670 229309

761 526 479 4463

225 524 17 682679

73 116 326 492659

244 619 887 490661

245 860 427 252691

167 220 477 450349

638 571 976 260873

276 117 301 115981

978 712 339 105817

651 90 76 683819

331 748 5 232091

229 866 93 796531

978 133 38 480061

777 24 177 434821

821 618 607 602227

565 423 668 491327

757 344 118 5

364 566 344 982213

420 116 941 614963

18 148 717 21191

0 0 212 33223

489 375 549 188527

1 581 596 147881

408 589 785 454351

487 18 546 550993

354 108 911 167071

526 137 822 81001

574 0 669 11

687 364 780 251117

273 249 942 613759

375 828 696 397433

0 862 202 12269

217 517 42 727847

666 383 222 461017

843 323 749 428149

618 418 803 1889

0 513 51 941131

637 503 356 87869

794 307 987 646883

472 192 171 519683

0 0 195 822599

27 763 360 242201

164 838 989 227471

775 0 352 234863

550 506 749 40459

934 473 60 594193

284 661 967 625343

909 414 700 294673

215 138 871 737293

630 78 411 393797

311 804 643 42569

995 21 214 669133

774 377 358 614611

619 559 674 47

409 112 240 230089

251 786 828 782231

563 696 49 949957

501 596 419 523031

181 611 86 384343

834 457 866 967441

460 464 712 674867

546 704 945 71171

529 242 237 20297

28 714 813 11

57 915 354 391519

684 680 269 668221

896 879 550 224309

572 249 471 846673

553 960 15 109097

239 366 841 765439
